game_id,data_set,date,a1,a2,a3,a4,a5,h1,h2,h3,h4,h5,period,away_score,home_score,remaining_time,elapsed,play_length,play_id,team,event_type,assist,away,home,block,entered,left,num,opponent,outof,player,points,possession,reason,result,steal,type,shot_distance,original_x,original_y,converted_x,converted_y,description
22000853,2020-21 Regular Season,2021-04-16,Jusuf Nurkic,CJ McCollum,Derrick Jones Jr.,Robert Covington,Norman Powell,Jakob Poeltl,Keldon Johnson,Derrick White,Dejounte Murray,DeMar DeRozan,1,0,0,0:12:00,0:00:00,0:00:00,1,,start of period,,,,,,,,,,,,,,,,start of period,,,,,,
22000853,2020-21 Regular Season,2021-04-16,Jusuf Nurkic,CJ McCollum,Derrick Jones Jr.,Robert Covington,Norman Powell,Jakob Poeltl,Keldon Johnson,Derrick White,Dejounte Murray,DeMar DeRozan,1,0,0,0:12:00,0:00:00,0:00:00,2,SAS,jump ball,,Jusuf Nurkic,Jakob Poeltl,,,,,,,Jusuf Nurkic,,CJ McCollum,,,,jump ball,,,,,,Jump Ball Poeltl vs. Nurkic: Tip to McCollum
22000853,2020-21 Regular Season,2021-04-16,Jusuf Nurkic,CJ McCollum,Derrick Jones Jr.,Robert Covington,Norman Powell,Jakob Poeltl,Keldon Johnson,Derrick White,Dejounte Murray,DeMar DeRozan,1,0,0,0:11:44,0:00:16,0:00:16,3,POR,shot,,,,,,,,,,Derrick Jones Jr.,0,,,missed,,layup,5,-4,47,25.4,9.7,MISS Jones Jr. 5' Layup
22000853,2020-21 Regular Season,2021-04-16,Jusuf Nurkic,CJ McCollum,Derrick Jones Jr.,Robert Covington,Norman Powell,Jakob Poeltl,Keldon Johnson,Derrick White,Dejounte Murray,DeMar DeRozan,1,0,0,0:11:42,0:00:18,0:00:02,4,POR,rebound,,,,,,,,,,Derrick Jones Jr.,,,,,,rebound offensive,,,,,,Jones Jr. REBOUND (Off:1 Def:0)
22000853,2020-21 Regular Season,2021-04-16,Jusuf Nurkic,CJ McCollum,Derrick Jones Jr.,Robert Covington,Norman Powell,Jakob Poeltl,Keldon Johnson,Derrick White,Dejounte Murray,DeMar DeRozan,1,0,0,0:11:39,0:00:21,0:00:03,5,POR,shot,,,,,,,,,,Robert Covington,0,,,missed,,jump shot,19,142,127,10.799999999999999,17.700000000000003,MISS Covington 19' Pullup Jump Shot
22000853,2020-21 Regular Season,2021-04-16,Jusuf Nurkic,CJ McCollum,Derrick Jones Jr.,Robert Covington,Norman Powell,Jakob Poeltl,Keldon Johnson,Derrick White,Dejounte Murray,DeMar DeRozan,1,0,0,0:11:36,0:00:24,0:00:03,6,SAS,rebound,,,,,,,,,,Keldon Johnson,,,,,,rebound defensive,,,,,,Johnson REBOUND (Off:0 Def:1)
22000853,2020-21 Regular Season,2021-04-16,Jusuf Nurkic,CJ McCollum,Derrick Jones Jr.,Robert Covington,Norman Powell,Jakob Poeltl,Keldon Johnson,Derrick White,Dejounte Murray,DeMar DeRozan,1,0,0,0:11:25,0:00:35,0:00:11,7,SAS,shot,,,,,,,,,,Derrick White,0,,,missed,,jump shot,17,-30,168,22.0,72.2,MISS White 17' Pullup Jump Shot
22000853,2020-21 Regular Season,2021-04-16,Jusuf Nurkic,CJ McCollum,Derrick Jones Jr.,Robert Covington,Norman Powell,Jakob Poeltl,Keldon Johnson,Derrick White,Dejounte Murray,DeMar DeRozan,1,0,0,0:11:25,0:00:35,0:00:00,8,POR,rebound,,,,,,,,,,,,,,,,rebound defensive,,,,,,Trail Blazers Rebound
22000853,2020-21 Regular Season,2021-04-16,Jusuf Nurkic,CJ McCollum,Derrick Jones Jr.,Robert Covington,Norman Powell,Jakob Poeltl,Keldon Johnson,Derrick White,Dejounte Murray,DeMar DeRozan,1,0,0,0:11:25,0:00:35,0:00:00,9,SAS,foul,,,,,,,,Jusuf Nurkic,,Jakob Poeltl,,,l.b.foul,,,loose ball,,,,,,Poeltl L.B.FOUL (P1.T1) (J.Sterling)
22000853,2020-21 Regular Season,2021-04-16,Jusuf Nurkic,CJ McCollum,Derrick Jones Jr.,Robert Covington,Norman Powell,Jakob Poeltl,Keldon Johnson,Derrick White,Dejounte Murray,DeMar DeRozan,1,0,0,0:11:06,0:00:54,0:00:19,10,POR,shot,,,,,,,,,,Jusuf Nurkic,0,,,missed,,jump shot,7,-65,25,31.5,7.5,MISS Nurkic 7' Pullup Jump Shot
22000853,2020-21 Regular Season,2021-04-16,Jusuf Nurkic,CJ McCollum,Derrick Jones Jr.,Robert Covington,Norman Powell,Jakob Poeltl,Keldon Johnson,Derrick White,Dejounte Murray,DeMar DeRozan,1,0,0,0:11:03,0:00:57,0:00:03,11,SAS,rebound,,,,,,,,,,Dejounte Murray,,,,,,rebound defensive,,,,,,Murray REBOUND (Off:0 Def:1)
22000853,2020-21 Regular Season,2021-04-16,Jusuf Nurkic,CJ McCollum,Derrick Jones Jr.,Robert Covington,Norman Powell,Jakob Poeltl,Keldon Johnson,Derrick White,Dejounte Murray,DeMar DeRozan,1,0,0,0:10:47,0:01:13,0:00:16,12,SAS,turnover,,,,,,,,,,Dejounte Murray,,,bad pass,,Derrick Jones Jr.,bad pass,,,,,,Murray Bad Pass Turnover (P1.T1): Jones Jr. STEAL (1 STL)
22000853,2020-21 Regular Season,2021-04-16,Jusuf Nurkic,CJ McCollum,Derrick Jones Jr.,Robert Covington,Norman Powell,Jakob Poeltl,Keldon Johnson,Derrick White,Dejounte Murray,DeMar DeRozan,1,2,0,0:10:38,0:01:22,0:00:09,13,POR,shot,,,,,,,,,,Norman Powell,2,,,made,,layup,1,-3,9,25.3,5.9,Powell 1' Driving Finger Roll Layup (2 PTS)
22000853,2020-21 Regular Season,2021-04-16,Jusuf Nurkic,CJ McCollum,Derrick Jones Jr.,Robert Covington,Norman Powell,Jakob Poeltl,Keldon Johnson,Derrick White,Dejounte Murray,DeMar DeRozan,1,2,0,0:10:18,0:01:42,0:00:20,14,SAS,turnover,,,,,,,,,,DeMar DeRozan,,,,,Robert Covington,lost ball,,,,,,DeRozan Lost Ball Turnover (P1.T2): Covington STEAL (1 STL)
22000853,2020-21 Regular Season,2021-04-16,Jusuf Nurkic,CJ McCollum,Derrick Jones Jr.,Robert Covington,Norman Powell,Jakob Poeltl,Keldon Johnson,Derrick White,Dejounte Murray,DeMar DeRozan,1,2,0,0:10:08,0:01:52,0:00:10,15,POR,shot,,,,,,,,,,Jusuf Nurkic,0,,,missed,,floating jump shot,12,66,100,18.4,15.0,MISS Nurkic 12' Floating Jump Shot
22000853,2020-21 Regular Season,2021-04-16,Jusuf Nurkic,CJ McCollum,Derrick Jones Jr.,Robert Covington,Norman Powell,Jakob Poeltl,Keldon Johnson,Derrick White,Dejounte Murray,DeMar DeRozan,1,2,0,0:10:05,0:01:55,0:00:03,16,POR,rebound,,,,,,,,,,Derrick Jones Jr.,,,,,,rebound offensive,,,,,,Jones Jr. REBOUND (Off:2 Def:0)
22000853,2020-21 Regular Season,2021-04-16,Jusuf Nurkic,CJ McCollum,Derrick Jones Jr.,Robert Covington,Norman Powell,Jakob Poeltl,Keldon Johnson,Derrick White,Dejounte Murray,DeMar DeRozan,1,4,0,0:09:55,0:02:05,0:00:10,17,POR,shot,,,,,,,,,,Jusuf Nurkic,2,,,made,,jump shot,1,-3,6,25.3,5.6,Nurkic 1' Turnaround Jump Shot (2 PTS)
22000853,2020-21 Regular Season,2021-04-16,Jusuf Nurkic,CJ McCollum,Derrick Jones Jr.,Robert Covington,Norman Powell,Jakob Poeltl,Keldon Johnson,Derrick White,Dejounte Murray,DeMar DeRozan,1,4,2,0:09:41,0:02:19,0:00:14,18,SAS,shot,Jakob Poeltl,,,,,,,,,DeMar DeRozan,2,,,made,,jump shot,18,21,179,27.1,71.1,DeRozan 18' Pullup Jump Shot (2 PTS) (Poeltl 1 AST)
22000853,2020-21 Regular Season,2021-04-16,Jusuf Nurkic,CJ McCollum,Derrick Jones Jr.,Robert Covington,Norman Powell,Jakob Poeltl,Keldon Johnson,Derrick White,Dejounte Murray,DeMar DeRozan,1,4,2,0:09:30,0:02:30,0:00:11,19,SAS,foul,,,,,,,,Jusuf Nurkic,,Jakob Poeltl,,,p.foul,,,personal,,,,,,Poeltl P.FOUL (P2.T2) (E.Lewis)
22000853,2020-21 Regular Season,2021-04-16,Jusuf Nurkic,CJ McCollum,Derrick Jones Jr.,Robert Covington,Norman Powell,Drew Eubanks,Keldon Johnson,Derrick White,Dejounte Murray,DeMar DeRozan,1,4,2,0:09:30,0:02:30,0:00:00,20,SAS,substitution,,,,,Drew Eubanks,Jakob Poeltl,,,,Jakob Poeltl,,,,,,sub,,,,,,SUB: Eubanks FOR Poeltl
22000853,2020-21 Regular Season,2021-04-16,Jusuf Nurkic,CJ McCollum,Derrick Jones Jr.,Robert Covington,Norman Powell,Drew Eubanks,Keldon Johnson,Derrick White,Dejounte Murray,DeMar DeRozan,1,6,2,0:09:23,0:02:37,0:00:07,21,POR,shot,Jusuf Nurkic,,,,,,,,,Norman Powell,2,,,made,,cutting dunk shot,1,3,6,24.7,5.6,Powell 1' Cutting Dunk Shot (4 PTS) (Nurkic 1 AST)
22000853,2020-21 Regular Season,2021-04-16,Jusuf Nurkic,CJ McCollum,Derrick Jones Jr.,Robert Covington,Norman Powell,Drew Eubanks,Keldon Johnson,Derrick White,Dejounte Murray,DeMar DeRozan,1,6,2,0:09:08,0:02:52,0:00:15,22,SAS,shot,,,,,,,,,,Dejounte Murray,0,,,missed,,jump shot,19,-109,153,14.1,73.7,MISS Murray 19' Pullup Jump Shot
22000853,2020-21 Regular Season,2021-04-16,Jusuf Nurkic,CJ McCollum,Derrick Jones Jr.,Robert Covington,Norman Powell,Drew Eubanks,Keldon Johnson,Derrick White,Dejounte Murray,DeMar DeRozan,1,6,2,0:09:06,0:02:54,0:00:02,23,SAS,rebound,,,,,,,,,,Drew Eubanks,,,,,,rebound offensive,,,,,,Eubanks REBOUND (Off:1 Def:0)
22000853,2020-21 Regular Season,2021-04-16,Jusuf Nurkic,CJ McCollum,Derrick Jones Jr.,Robert Covington,Norman Powell,Drew Eubanks,Keldon Johnson,Derrick White,Dejounte Murray,DeMar DeRozan,1,6,5,0:09:02,0:02:58,0:00:04,24,SAS,shot,DeMar DeRozan,,,,,,,,,Derrick White,3,,,made,,3pt jump shot,28,-210,181,4.0,70.9,White 28' 3PT Jump Shot (3 PTS) (DeRozan 1 AST)
22000853,2020-21 Regular Season,2021-04-16,Jusuf Nurkic,CJ McCollum,Derrick Jones Jr.,Robert Covington,Norman Powell,Drew Eubanks,Keldon Johnson,Derrick White,Dejounte Murray,DeMar DeRozan,1,6,5,0:08:49,0:03:11,0:00:13,25,POR,turnover,,,,,,,,,,Jusuf Nurkic,,,,,Drew Eubanks,lost ball,,,,,,Eubanks STEAL (1 STL): Nurkic Lost Ball Turnover (P1.T1)
22000853,2020-21 Regular Season,2021-04-16,Jusuf Nurkic,CJ McCollum,Derrick Jones Jr.,Robert Covington,Norman Powell,Drew Eubanks,Keldon Johnson,Derrick White,Dejounte Murray,DeMar DeRozan,1,6,7,0:08:37,0:03:23,0:00:12,26,SAS,shot,,,,,,,,,,Keldon Johnson,2,,,made,,floating jump shot,7,30,64,28.0,82.6,Johnson 7' Floating Jump Shot (2 PTS)
22000853,2020-21 Regular Season,2021-04-16,Jusuf Nurkic,CJ McCollum,Derrick Jones Jr.,Robert Covington,Norman Powell,Drew Eubanks,Keldon Johnson,Derrick White,Dejounte Murray,DeMar DeRozan,1,9,7,0:08:26,0:03:34,0:00:11,27,POR,shot,,,,,,,,,,CJ McCollum,3,,,made,,3pt pullup jump shot,26,-98,236,34.8,28.6,McCollum 26' 3PT Pullup Jump Shot (3 PTS)
22000853,2020-21 Regular Season,2021-04-16,Jusuf Nurkic,CJ McCollum,Derrick Jones Jr.,Robert Covington,Norman Powell,Drew Eubanks,Keldon Johnson,Derrick White,Dejounte Murray,DeMar DeRozan,1,9,9,0:08:04,0:03:56,0:00:22,28,SAS,shot,Drew Eubanks,,,,,,,,,Dejounte Murray,2,,,made,,floating jump shot,11,106,13,35.6,87.7,Murray 11' Floating Jump Shot (2 PTS) (Eubanks 1 AST)
22000853,2020-21 Regular Season,2021-04-16,Jusuf Nurkic,CJ McCollum,Derrick Jones Jr.,Robert Covington,Norman Powell,Drew Eubanks,Keldon Johnson,Derrick White,Dejounte Murray,DeMar DeRozan,1,11,9,0:07:53,0:04:07,0:00:11,29,POR,shot,CJ McCollum,,,,,,,,,Jusuf Nurkic,2,,,made,,cutting dunk shot,1,-3,10,25.3,6.0,Nurkic 1' Cutting Dunk Shot (4 PTS) (McCollum 1 AST)
22000853,2020-21 Regular Season,2021-04-16,Jusuf Nurkic,CJ McCollum,Derrick Jones Jr.,Robert Covington,Norman Powell,Drew Eubanks,Keldon Johnson,Derrick White,Dejounte Murray,DeMar DeRozan,1,11,9,0:07:46,0:04:14,0:00:07,30,POR,foul,,,,,,,,DeMar DeRozan,,Derrick Jones Jr.,,,p.foul,,,personal,,,,,,Jones Jr. P.FOUL (P1.T1) (E.Lewis)
22000853,2020-21 Regular Season,2021-04-16,Jusuf Nurkic,CJ McCollum,Derrick Jones Jr.,Robert Covington,Norman Powell,Drew Eubanks,Keldon Johnson,Derrick White,Dejounte Murray,DeMar DeRozan,1,11,9,0:07:37,0:04:23,0:00:09,31,SAS,shot,,,,Derrick Jones Jr.,,,,,,Keldon Johnson,0,,,missed,,driving layup,4,-28,28,22.2,86.2,MISS Johnson 4' Driving Layup: Jones Jr. BLOCK (1 BLK)
22000853,2020-21 Regular Season,2021-04-16,Jusuf Nurkic,CJ McCollum,Derrick Jones Jr.,Robert Covington,Norman Powell,Drew Eubanks,Keldon Johnson,Derrick White,Dejounte Murray,DeMar DeRozan,1,11,9,0:07:37,0:04:23,0:00:00,32,SAS,rebound,,,,,,,,,,,,,,,,rebound offensive,,,,,,SPURS Rebound
22000853,2020-21 Regular Season,2021-04-16,Jusuf Nurkic,CJ McCollum,Derrick Jones Jr.,Robert Covington,Norman Powell,Drew Eubanks,Keldon Johnson,Derrick White,Dejounte Murray,DeMar DeRozan,1,11,9,0:07:30,0:04:30,0:00:07,33,SAS,shot,,,,,,,,,,Keldon Johnson,0,,,missed,,driving dunk,2,-3,15,24.7,87.5,MISS Johnson 2' Driving Dunk
22000853,2020-21 Regular Season,2021-04-16,Jusuf Nurkic,CJ McCollum,Derrick Jones Jr.,Robert Covington,Norman Powell,Drew Eubanks,Keldon Johnson,Derrick White,Dejounte Murray,DeMar DeRozan,1,11,9,0:07:28,0:04:32,0:00:02,34,SAS,rebound,,,,,,,,,,Dejounte Murray,,,,,,rebound offensive,,,,,,Murray REBOUND (Off:1 Def:1)
22000853,2020-21 Regular Season,2021-04-16,Jusuf Nurkic,CJ McCollum,Derrick Jones Jr.,Robert Covington,Norman Powell,Drew Eubanks,Keldon Johnson,Derrick White,Dejounte Murray,DeMar DeRozan,1,11,11,0:07:26,0:04:34,0:00:02,35,SAS,shot,Dejounte Murray,,,,,,,,,Drew Eubanks,2,,,made,,dunk,2,2,20,25.2,87.0,Eubanks 2' Dunk (2 PTS) (Murray 1 AST)
22000853,2020-21 Regular Season,2021-04-16,Jusuf Nurkic,CJ McCollum,Derrick Jones Jr.,Robert Covington,Norman Powell,Drew Eubanks,Keldon Johnson,Derrick White,Dejounte Murray,DeMar DeRozan,1,11,11,0:07:17,0:04:43,0:00:09,36,POR,shot,,,,Derrick White,,,,,,Norman Powell,0,,,missed,,driving layup,1,3,8,24.7,5.8,White BLOCK (1 BLK): MISS Powell 1' Driving Layup
22000853,2020-21 Regular Season,2021-04-16,Jusuf Nurkic,CJ McCollum,Derrick Jones Jr.,Robert Covington,Norman Powell,Drew Eubanks,Keldon Johnson,Derrick White,Dejounte Murray,DeMar DeRozan,1,11,11,0:07:14,0:04:46,0:00:03,37,SAS,rebound,,,,,,,,,,Keldon Johnson,,,,,,rebound defensive,,,,,,Johnson REBOUND (Off:0 Def:2)
22000853,2020-21 Regular Season,2021-04-16,Jusuf Nurkic,CJ McCollum,Derrick Jones Jr.,Robert Covington,Norman Powell,Drew Eubanks,Keldon Johnson,Derrick White,Dejounte Murray,DeMar DeRozan,1,11,13,0:07:06,0:04:54,0:00:08,38,SAS,shot,Derrick White,,,,,,,,,Drew Eubanks,2,,,made,,driving layup,7,-52,47,19.8,84.3,Eubanks 7' Driving Layup (4 PTS) (White 1 AST)
22000853,2020-21 Regular Season,2021-04-16,Jusuf Nurkic,CJ McCollum,Derrick Jones Jr.,Robert Covington,Norman Powell,Drew Eubanks,Keldon Johnson,Derrick White,Dejounte Murray,DeMar DeRozan,1,11,13,0:07:06,0:04:54,0:00:00,39,POR,foul,,,,,,,,Drew Eubanks,,Jusuf Nurkic,,,s.foul,,,shooting,,,,,,Nurkic S.FOUL (P1.T2) (M.Smith)
22000853,2020-21 Regular Season,2021-04-16,Jusuf Nurkic,CJ McCollum,Derrick Jones Jr.,Robert Covington,Norman Powell,Drew Eubanks,Keldon Johnson,Derrick White,Dejounte Murray,DeMar DeRozan,1,11,14,0:07:06,0:04:54,0:00:00,40,SAS,free throw,,,,,,,1,,1,Drew Eubanks,1,,,made,,free throw 1/1,,,,,,Eubanks Free Throw 1 of 1 (5 PTS)
22000853,2020-21 Regular Season,2021-04-16,Jusuf Nurkic,CJ McCollum,Derrick Jones Jr.,Robert Covington,Norman Powell,Drew Eubanks,Keldon Johnson,Derrick White,Dejounte Murray,DeMar DeRozan,1,11,14,0:06:53,0:05:07,0:00:13,41,POR,turnover,,,,,,,,,,Jusuf Nurkic,,,,,Keldon Johnson,lost ball,,,,,,Johnson STEAL (1 STL): Nurkic Lost Ball Turnover (P2.T2)
22000853,2020-21 Regular Season,2021-04-16,Jusuf Nurkic,CJ McCollum,Derrick Jones Jr.,Robert Covington,Norman Powell,Drew Eubanks,Keldon Johnson,Derrick White,Dejounte Murray,DeMar DeRozan,1,11,16,0:06:48,0:05:12,0:00:05,42,SAS,shot,Dejounte Murray,,,,,,,,,Keldon Johnson,2,,,made,,driving dunk,0,0,5,25.0,88.5,Johnson 1' Driving Dunk (4 PTS) (Murray 2 AST)
22000853,2020-21 Regular Season,2021-04-16,Jusuf Nurkic,CJ McCollum,Derrick Jones Jr.,Robert Covington,Norman Powell,Drew Eubanks,Keldon Johnson,Derrick White,Dejounte Murray,DeMar DeRozan,1,11,16,0:06:48,0:05:12,0:00:00,43,POR,timeout,,,,,,,,,,,,,,,,timeout: regular,,,,,,Trail Blazers Timeout: Regular (Reg.1 Short 0)
22000853,2020-21 Regular Season,2021-04-16,Jusuf Nurkic,CJ McCollum,Derrick Jones Jr.,Robert Covington,Norman Powell,Drew Eubanks,Keldon Johnson,Derrick White,Dejounte Murray,DeMar DeRozan,1,11,16,0:06:48,0:05:12,0:00:00,44,POR,technical foul,,,,,,,,,,,,,,,,coach technical foul,,,,,,
22000853,2020-21 Regular Season,2021-04-16,Jusuf Nurkic,CJ McCollum,Derrick Jones Jr.,Robert Covington,Norman Powell,Drew Eubanks,Keldon Johnson,Derrick White,Dejounte Murray,DeMar DeRozan,1,11,17,0:06:48,0:05:12,0:00:00,45,SAS,free throw,,,,,,,1,,1,DeMar DeRozan,1,,,made,,free throw technical,,,,,,DeRozan Free Throw Technical (3 PTS)
22000853,2020-21 Regular Season,2021-04-16,Jusuf Nurkic,CJ McCollum,Derrick Jones Jr.,Robert Covington,Norman Powell,Drew Eubanks,Keldon Johnson,Derrick White,Dejounte Murray,DeMar DeRozan,1,11,17,0:06:30,0:05:30,0:00:18,46,POR,shot,,,,,,,,,,Jusuf Nurkic,0,,,missed,,cutting layup shot,1,11,9,23.9,5.9,MISS Nurkic 1' Cutting Layup Shot
22000853,2020-21 Regular Season,2021-04-16,Jusuf Nurkic,CJ McCollum,Derrick Jones Jr.,Robert Covington,Norman Powell,Drew Eubanks,Keldon Johnson,Derrick White,Dejounte Murray,DeMar DeRozan,1,11,17,0:06:24,0:05:36,0:00:06,47,POR,shot,,,,,,,,,,Jusuf Nurkic,0,,,missed,,layup,0,0,0,25.0,5.0,MISS Nurkic Putback Layup
22000853,2020-21 Regular Season,2021-04-16,Jusuf Nurkic,CJ McCollum,Derrick Jones Jr.,Robert Covington,Norman Powell,Drew Eubanks,Keldon Johnson,Derrick White,Dejounte Murray,DeMar DeRozan,1,11,17,0:06:24,0:05:36,0:00:00,48,POR,rebound,,,,,,,,,,Jusuf Nurkic,,,,,,rebound offensive,,,,,,Nurkic REBOUND (Off:1 Def:0)
22000853,2020-21 Regular Season,2021-04-16,Jusuf Nurkic,CJ McCollum,Derrick Jones Jr.,Robert Covington,Norman Powell,Drew Eubanks,Keldon Johnson,Derrick White,Dejounte Murray,DeMar DeRozan,1,11,17,0:06:22,0:05:38,0:00:02,49,SAS,rebound,,,,,,,,,,Dejounte Murray,,,,,,rebound defensive,,,,,,Murray REBOUND (Off:1 Def:2)
22000853,2020-21 Regular Season,2021-04-16,Jusuf Nurkic,CJ McCollum,Derrick Jones Jr.,Robert Covington,Norman Powell,Drew Eubanks,Keldon Johnson,Derrick White,Dejounte Murray,DeMar DeRozan,1,11,19,0:06:18,0:05:42,0:00:04,50,SAS,shot,Dejounte Murray,,,,,,,,,DeMar DeRozan,2,,,made,,layup,1,5,5,25.5,88.5,DeRozan 1' Driving Finger Roll Layup (5 PTS) (Murray 3 AST)
22000853,2020-21 Regular Season,2021-04-16,Jusuf Nurkic,CJ McCollum,Derrick Jones Jr.,Robert Covington,Norman Powell,Drew Eubanks,Keldon Johnson,Derrick White,Dejounte Murray,DeMar DeRozan,1,13,19,0:06:08,0:05:52,0:00:10,51,POR,shot,,,,,,,,,,CJ McCollum,2,,,made,,floating jump shot,10,88,37,16.2,8.7,McCollum 10' Floating Jump Shot (5 PTS)
22000853,2020-21 Regular Season,2021-04-16,Jusuf Nurkic,CJ McCollum,Derrick Jones Jr.,Robert Covington,Norman Powell,Drew Eubanks,Keldon Johnson,Derrick White,Dejounte Murray,DeMar DeRozan,1,13,21,0:05:52,0:06:08,0:00:16,52,SAS,shot,Dejounte Murray,,,,,,,,,Drew Eubanks,2,,,made,,hook shot,10,36,92,28.6,79.8,Eubanks 10' Hook Shot (7 PTS) (Murray 4 AST)
22000853,2020-21 Regular Season,2021-04-16,Jusuf Nurkic,CJ McCollum,Derrick Jones Jr.,Robert Covington,Norman Powell,Drew Eubanks,Keldon Johnson,Derrick White,Dejounte Murray,DeMar DeRozan,1,13,21,0:05:41,0:06:19,0:00:11,53,POR,shot,,,,,,,,,,CJ McCollum,0,,,missed,,3pt jump shot,24,-209,126,45.900000000000006,17.6,MISS McCollum 24' 3PT Jump Shot
22000853,2020-21 Regular Season,2021-04-16,Jusuf Nurkic,CJ McCollum,Derrick Jones Jr.,Robert Covington,Norman Powell,Drew Eubanks,Keldon Johnson,Derrick White,Dejounte Murray,DeMar DeRozan,1,13,21,0:05:41,0:06:19,0:00:00,54,SAS,rebound,,,,,,,,,,DeMar DeRozan,,,,,,rebound defensive,,,,,,DeRozan REBOUND (Off:0 Def:1)
22000853,2020-21 Regular Season,2021-04-16,Jusuf Nurkic,CJ McCollum,Derrick Jones Jr.,Robert Covington,Norman Powell,Drew Eubanks,Keldon Johnson,Derrick White,Dejounte Murray,DeMar DeRozan,1,13,21,0:05:27,0:06:33,0:00:14,55,SAS,shot,,,,,,,,,,DeMar DeRozan,0,,,missed,,layup,1,4,7,25.4,88.3,MISS DeRozan 1' Layup
22000853,2020-21 Regular Season,2021-04-16,Jusuf Nurkic,CJ McCollum,Derrick Jones Jr.,Robert Covington,Norman Powell,Drew Eubanks,Keldon Johnson,Derrick White,Dejounte Murray,DeMar DeRozan,1,13,21,0:05:24,0:06:36,0:00:03,56,POR,rebound,,,,,,,,,,Norman Powell,,,,,,rebound defensive,,,,,,Powell REBOUND (Off:0 Def:1)
22000853,2020-21 Regular Season,2021-04-16,Jusuf Nurkic,CJ McCollum,Derrick Jones Jr.,Robert Covington,Norman Powell,Drew Eubanks,Keldon Johnson,Derrick White,Dejounte Murray,DeMar DeRozan,1,15,21,0:05:18,0:06:42,0:00:06,57,POR,shot,Norman Powell,,,,,,,,,CJ McCollum,2,,,made,,floating jump shot,12,-35,120,28.5,17.0,McCollum 13' Floating Jump Shot (7 PTS) (Powell 1 AST)
22000853,2020-21 Regular Season,2021-04-16,Jusuf Nurkic,CJ McCollum,Derrick Jones Jr.,Robert Covington,Norman Powell,Drew Eubanks,Keldon Johnson,Derrick White,Dejounte Murray,DeMar DeRozan,1,15,23,0:05:05,0:06:55,0:00:13,58,SAS,shot,Dejounte Murray,,,,,,,,,DeMar DeRozan,2,,,made,,jump shot,12,55,112,30.5,77.8,DeRozan 12' Pullup Jump Shot (7 PTS) (Murray 5 AST)
22000853,2020-21 Regular Season,2021-04-16,Jusuf Nurkic,CJ McCollum,Derrick Jones Jr.,Robert Covington,Norman Powell,Drew Eubanks,Keldon Johnson,Derrick White,Dejounte Murray,DeMar DeRozan,1,15,23,0:04:53,0:07:07,0:00:12,59,SAS,foul,,,,,,,,Norman Powell,,Drew Eubanks,,,s.foul,,,shooting,,,,,,Eubanks S.FOUL (P1.T3) (M.Smith)
22000853,2020-21 Regular Season,2021-04-16,Jusuf Nurkic,CJ McCollum,Derrick Jones Jr.,Robert Covington,Norman Powell,Drew Eubanks,Keldon Johnson,Derrick White,Dejounte Murray,DeMar DeRozan,1,16,23,0:04:53,0:07:07,0:00:00,60,POR,free throw,,,,,,,1,,2,Norman Powell,1,,,made,,free throw 1/2,,,,,,Powell Free Throw 1 of 2 (5 PTS)
22000853,2020-21 Regular Season,2021-04-16,Jusuf Nurkic,CJ McCollum,Derrick Jones Jr.,Robert Covington,Norman Powell,Drew Eubanks,Keldon Johnson,Derrick White,Patty Mills,DeMar DeRozan,1,16,23,0:04:53,0:07:07,0:00:00,61,SAS,substitution,,,,,Patty Mills,Dejounte Murray,,,,Dejounte Murray,,,,,,sub,,,,,,SUB: Mills FOR Murray
22000853,2020-21 Regular Season,2021-04-16,Jusuf Nurkic,Enes Kanter,Derrick Jones Jr.,Robert Covington,Norman Powell,Drew Eubanks,Keldon Johnson,Derrick White,Patty Mills,DeMar DeRozan,1,16,23,0:04:53,0:07:07,0:00:00,62,POR,substitution,,,,,Enes Kanter,CJ McCollum,,,,CJ McCollum,,,,,,sub,,,,,,SUB: Kanter FOR McCollum
22000853,2020-21 Regular Season,2021-04-16,Jusuf Nurkic,Enes Kanter,Anfernee Simons,Robert Covington,Norman Powell,Drew Eubanks,Keldon Johnson,Derrick White,Patty Mills,DeMar DeRozan,1,16,23,0:04:53,0:07:07,0:00:00,63,POR,substitution,,,,,Anfernee Simons,Derrick Jones Jr.,,,,Derrick Jones Jr.,,,,,,sub,,,,,,SUB: Simons FOR Jones Jr.
22000853,2020-21 Regular Season,2021-04-16,Carmelo Anthony,Enes Kanter,Anfernee Simons,Robert Covington,Norman Powell,Drew Eubanks,Keldon Johnson,Derrick White,Patty Mills,DeMar DeRozan,1,16,23,0:04:53,0:07:07,0:00:00,64,POR,substitution,,,,,Carmelo Anthony,Jusuf Nurkic,,,,Jusuf Nurkic,,,,,,sub,,,,,,SUB: Anthony FOR Nurkic
22000853,2020-21 Regular Season,2021-04-16,Jusuf Nurkic,CJ McCollum,Derrick Jones Jr.,Robert Covington,Norman Powell,Drew Eubanks,Keldon Johnson,Derrick White,Dejounte Murray,DeMar DeRozan,1,17,23,0:04:53,0:07:07,0:00:00,65,POR,free throw,,,,,,,2,,2,Norman Powell,1,,,made,,free throw 2/2,,,,,,Powell Free Throw 2 of 2 (6 PTS)
22000853,2020-21 Regular Season,2021-04-16,Carmelo Anthony,Enes Kanter,Anfernee Simons,Robert Covington,Norman Powell,Drew Eubanks,Keldon Johnson,Derrick White,Patty Mills,DeMar DeRozan,1,17,23,0:04:38,0:07:22,0:00:15,66,POR,foul,,,,,,,,DeMar DeRozan,,Norman Powell,,,s.foul,,,shooting,,,,,,Powell S.FOUL (P1.T3) (E.Lewis)
22000853,2020-21 Regular Season,2021-04-16,Carmelo Anthony,Enes Kanter,Anfernee Simons,Robert Covington,Norman Powell,Drew Eubanks,Keldon Johnson,Derrick White,Patty Mills,DeMar DeRozan,1,17,24,0:04:38,0:07:22,0:00:00,67,SAS,free throw,,,,,,,1,,2,DeMar DeRozan,1,,,made,,free throw 1/2,,,,,,DeRozan Free Throw 1 of 2 (8 PTS)
22000853,2020-21 Regular Season,2021-04-16,Carmelo Anthony,Enes Kanter,Anfernee Simons,Robert Covington,Norman Powell,Drew Eubanks,Keldon Johnson,Lonnie Walker IV,Patty Mills,DeMar DeRozan,1,17,24,0:04:38,0:07:22,0:00:00,68,SAS,substitution,,,,,Lonnie Walker IV,Derrick White,,,,Derrick White,,,,,,sub,,,,,,SUB: Walker IV FOR White
22000853,2020-21 Regular Season,2021-04-16,Carmelo Anthony,Enes Kanter,Anfernee Simons,Robert Covington,CJ McCollum,Drew Eubanks,Keldon Johnson,Lonnie Walker IV,Patty Mills,DeMar DeRozan,1,17,24,0:04:38,0:07:22,0:00:00,69,POR,substitution,,,,,CJ McCollum,Norman Powell,,,,Norman Powell,,,,,,sub,,,,,,SUB: McCollum FOR Powell
22000853,2020-21 Regular Season,2021-04-16,Carmelo Anthony,Enes Kanter,Anfernee Simons,Robert Covington,Norman Powell,Drew Eubanks,Keldon Johnson,Derrick White,Patty Mills,DeMar DeRozan,1,17,25,0:04:38,0:07:22,0:00:00,70,SAS,free throw,,,,,,,2,,2,DeMar DeRozan,1,,,made,,free throw 2/2,,,,,,DeRozan Free Throw 2 of 2 (9 PTS)
22000853,2020-21 Regular Season,2021-04-16,Carmelo Anthony,Enes Kanter,Anfernee Simons,Robert Covington,CJ McCollum,Drew Eubanks,Keldon Johnson,Lonnie Walker IV,Patty Mills,DeMar DeRozan,1,17,25,0:04:16,0:07:44,0:00:22,71,POR,shot,,,,DeMar DeRozan,,,,,,Enes Kanter,0,,,missed,,layup,2,17,19,23.3,6.9,DeRozan BLOCK (1 BLK): MISS Kanter 3' Layup
22000853,2020-21 Regular Season,2021-04-16,Carmelo Anthony,Enes Kanter,Anfernee Simons,Robert Covington,CJ McCollum,Drew Eubanks,Keldon Johnson,Lonnie Walker IV,Patty Mills,DeMar DeRozan,1,17,25,0:04:16,0:07:44,0:00:00,72,POR,rebound,,,,,,,,,,,,,,,,rebound offensive,,,,,,Trail Blazers Rebound
22000853,2020-21 Regular Season,2021-04-16,Carmelo Anthony,Enes Kanter,Anfernee Simons,Robert Covington,CJ McCollum,Drew Eubanks,Keldon Johnson,Lonnie Walker IV,Patty Mills,DeMar DeRozan,1,17,25,0:04:13,0:07:47,0:00:03,73,POR,turnover,,,,,,,,,,CJ McCollum,,,bad pass,,Keldon Johnson,bad pass,,,,,,Johnson STEAL (2 STL): McCollum Bad Pass Turnover (P1.T3)
22000853,2020-21 Regular Season,2021-04-16,Carmelo Anthony,Enes Kanter,Anfernee Simons,Robert Covington,CJ McCollum,Drew Eubanks,Keldon Johnson,Lonnie Walker IV,Patty Mills,DeMar DeRozan,1,17,25,0:04:09,0:07:51,0:00:04,74,SAS,shot,,,,,,,,,,Lonnie Walker IV,0,,,missed,,3pt jump shot,25,-208,144,4.199999999999999,74.6,MISS Walker IV 25' 3PT Jump Shot
22000853,2020-21 Regular Season,2021-04-16,Carmelo Anthony,Enes Kanter,Anfernee Simons,Robert Covington,CJ McCollum,Drew Eubanks,Keldon Johnson,Lonnie Walker IV,Patty Mills,DeMar DeRozan,1,17,25,0:04:06,0:07:54,0:00:03,75,SAS,rebound,,,,,,,,,,Keldon Johnson,,,,,,rebound offensive,,,,,,Johnson REBOUND (Off:1 Def:2)
22000853,2020-21 Regular Season,2021-04-16,Carmelo Anthony,Enes Kanter,Anfernee Simons,Robert Covington,CJ McCollum,Drew Eubanks,Keldon Johnson,Lonnie Walker IV,Patty Mills,DeMar DeRozan,1,17,27,0:03:57,0:08:03,0:00:09,76,SAS,shot,DeMar DeRozan,,,,,,,,,Keldon Johnson,2,,,made,,driving layup,0,-5,-1,24.5,89.1,Johnson 1' Driving Layup (6 PTS) (DeRozan 2 AST)
22000853,2020-21 Regular Season,2021-04-16,Carmelo Anthony,Enes Kanter,Anfernee Simons,Robert Covington,CJ McCollum,Drew Eubanks,Keldon Johnson,Lonnie Walker IV,Patty Mills,DeMar DeRozan,1,17,27,0:03:45,0:08:15,0:00:12,77,SAS,foul,,,,,,,,Enes Kanter,,DeMar DeRozan,,,p.foul,,,personal,,,,,,DeRozan P.FOUL (P1.T4) (M.Smith)
22000853,2020-21 Regular Season,2021-04-16,Carmelo Anthony,Enes Kanter,Anfernee Simons,Robert Covington,CJ McCollum,Drew Eubanks,Keldon Johnson,Lonnie Walker IV,Patty Mills,DeMar DeRozan,1,19,27,0:03:37,0:08:23,0:00:08,78,POR,shot,,,,,,,,,,CJ McCollum,2,,,made,,jump shot,16,27,156,22.3,20.6,McCollum 16' Pullup Jump Shot (9 PTS)
22000853,2020-21 Regular Season,2021-04-16,Carmelo Anthony,Enes Kanter,Anfernee Simons,Robert Covington,CJ McCollum,Drew Eubanks,Keldon Johnson,Lonnie Walker IV,Patty Mills,DeMar DeRozan,1,19,29,0:03:19,0:08:41,0:00:18,79,SAS,shot,DeMar DeRozan,,,,,,,,,Lonnie Walker IV,2,,,made,,floating jump shot,8,-47,59,20.3,83.1,Walker IV 8' Floating Jump Shot (2 PTS) (DeRozan 3 AST)
22000853,2020-21 Regular Season,2021-04-16,Carmelo Anthony,Enes Kanter,Anfernee Simons,Robert Covington,CJ McCollum,Drew Eubanks,Keldon Johnson,Lonnie Walker IV,Patty Mills,DeMar DeRozan,1,21,29,0:03:04,0:08:56,0:00:15,80,POR,shot,,,,,,,,,,Robert Covington,2,,,made,,layup,1,-3,6,25.3,5.6,Covington 1' Layup (2 PTS)
22000853,2020-21 Regular Season,2021-04-16,Carmelo Anthony,Enes Kanter,Anfernee Simons,Robert Covington,CJ McCollum,Drew Eubanks,Keldon Johnson,Lonnie Walker IV,Patty Mills,DeMar DeRozan,1,21,29,0:03:03,0:08:57,0:00:01,81,SAS,timeout,,,,,,,,,,,,,,,,timeout: regular,,,,,,SPURS Timeout: Regular (Full 1 Short 0)
22000853,2020-21 Regular Season,2021-04-16,Carmelo Anthony,Enes Kanter,Anfernee Simons,Robert Covington,CJ McCollum,Drew Eubanks,Rudy Gay,Lonnie Walker IV,Patty Mills,DeMar DeRozan,1,21,29,0:03:03,0:08:57,0:00:00,82,SAS,substitution,,,,,Rudy Gay,Keldon Johnson,,,,Keldon Johnson,,,,,,sub,,,,,,SUB: Gay FOR Johnson
22000853,2020-21 Regular Season,2021-04-16,Carmelo Anthony,Enes Kanter,Anfernee Simons,Robert Covington,CJ McCollum,Drew Eubanks,Rudy Gay,Lonnie Walker IV,Patty Mills,DeMar DeRozan,1,21,29,0:02:50,0:09:10,0:00:13,83,SAS,shot,,,,,,,,,,Rudy Gay,0,,,missed,,3pt jump shot,23,-230,-1,2.0,89.1,MISS Gay 3PT Jump Shot
22000853,2020-21 Regular Season,2021-04-16,Carmelo Anthony,Enes Kanter,Anfernee Simons,Robert Covington,CJ McCollum,Drew Eubanks,Rudy Gay,Lonnie Walker IV,Patty Mills,DeMar DeRozan,1,21,29,0:02:46,0:09:14,0:00:04,84,POR,rebound,,,,,,,,,,Enes Kanter,,,,,,rebound defensive,,,,,,Kanter REBOUND (Off:0 Def:1)
22000853,2020-21 Regular Season,2021-04-16,Carmelo Anthony,Enes Kanter,Anfernee Simons,Robert Covington,CJ McCollum,Drew Eubanks,Rudy Gay,Lonnie Walker IV,Patty Mills,DeMar DeRozan,1,21,29,0:02:33,0:09:27,0:00:13,85,POR,shot,,,,,,,,,,Carmelo Anthony,0,,,missed,,3pt jump shot,25,-166,187,41.6,23.7,MISS Anthony 25' 3PT Jump Shot
22000853,2020-21 Regular Season,2021-04-16,Carmelo Anthony,Enes Kanter,Anfernee Simons,Robert Covington,CJ McCollum,Drew Eubanks,Rudy Gay,Lonnie Walker IV,Patty Mills,DeMar DeRozan,1,21,29,0:02:27,0:09:33,0:00:06,86,POR,rebound,,,,,,,,,,Enes Kanter,,,,,,rebound offensive,,,,,,Kanter REBOUND (Off:1 Def:1)
22000853,2020-21 Regular Season,2021-04-16,Carmelo Anthony,Enes Kanter,Anfernee Simons,Robert Covington,CJ McCollum,Drew Eubanks,Rudy Gay,Lonnie Walker IV,Patty Mills,DeMar DeRozan,1,23,29,0:02:27,0:09:33,0:00:00,87,POR,shot,,,,,,,,,,Enes Kanter,2,,,made,,layup,0,0,0,25.0,5.0,Kanter Putback Layup (2 PTS)
22000853,2020-21 Regular Season,2021-04-16,Carmelo Anthony,Enes Kanter,Anfernee Simons,Robert Covington,CJ McCollum,Drew Eubanks,Rudy Gay,Lonnie Walker IV,Patty Mills,DeMar DeRozan,1,23,29,0:02:19,0:09:41,0:00:08,88,POR,foul,,,,,,,,Lonnie Walker IV,,Anfernee Simons,,,p.foul,,,personal,,,,,,Simons P.FOUL (P1.T4) (E.Lewis)
22000853,2020-21 Regular Season,2021-04-16,Carmelo Anthony,Enes Kanter,Anfernee Simons,Robert Covington,CJ McCollum,Drew Eubanks,Rudy Gay,Lonnie Walker IV,Patty Mills,DeMar DeRozan,1,23,31,0:02:13,0:09:47,0:00:06,89,SAS,shot,DeMar DeRozan,,,,,,,,,Drew Eubanks,2,,,made,,cutting dunk shot,2,-3,16,24.7,87.4,Eubanks 2' Cutting Dunk Shot (9 PTS) (DeRozan 4 AST)
22000853,2020-21 Regular Season,2021-04-16,Carmelo Anthony,Enes Kanter,Anfernee Simons,Robert Covington,CJ McCollum,Drew Eubanks,Rudy Gay,Lonnie Walker IV,Patty Mills,DeMar DeRozan,1,23,31,0:01:50,0:10:10,0:00:23,90,POR,shot,,,,,,,,,,CJ McCollum,0,,,missed,,jump shot,17,141,89,10.899999999999999,13.9,MISS McCollum 17' Pullup Jump Shot
22000853,2020-21 Regular Season,2021-04-16,Carmelo Anthony,Enes Kanter,Anfernee Simons,Robert Covington,CJ McCollum,Drew Eubanks,Rudy Gay,Lonnie Walker IV,Patty Mills,DeMar DeRozan,1,23,31,0:01:45,0:10:15,0:00:05,91,POR,rebound,,,,,,,,,,Robert Covington,,,,,,rebound offensive,,,,,,Covington REBOUND (Off:1 Def:0)
22000853,2020-21 Regular Season,2021-04-16,Carmelo Anthony,Enes Kanter,Anfernee Simons,Robert Covington,CJ McCollum,Drew Eubanks,Rudy Gay,Lonnie Walker IV,Patty Mills,DeMar DeRozan,1,26,31,0:01:41,0:10:19,0:00:04,92,POR,shot,Anfernee Simons,,,,,,,,,CJ McCollum,3,,,made,,3pt jump shot,23,234,1,1.5999999999999979,5.1,McCollum 3PT Jump Shot (12 PTS) (Simons 1 AST)
22000853,2020-21 Regular Season,2021-04-16,Carmelo Anthony,Enes Kanter,Anfernee Simons,Robert Covington,CJ McCollum,Drew Eubanks,Rudy Gay,Lonnie Walker IV,Patty Mills,DeMar DeRozan,1,26,31,0:01:14,0:10:46,0:00:27,93,SAS,turnover,,,,,,,,,,Lonnie Walker IV,,,bad pass,,,bad pass,,,,,,Walker IV Out of Bounds - Bad Pass Turnover Turnover (P1.T3)
22000853,2020-21 Regular Season,2021-04-16,Carmelo Anthony,Enes Kanter,Anfernee Simons,Robert Covington,CJ McCollum,Drew Eubanks,Rudy Gay,Lonnie Walker IV,Patty Mills,Dejounte Murray,1,26,31,0:01:14,0:10:46,0:00:00,94,SAS,substitution,,,,,Dejounte Murray,DeMar DeRozan,,,,DeMar DeRozan,,,,,,sub,,,,,,SUB: Murray FOR DeRozan
22000853,2020-21 Regular Season,2021-04-16,Carmelo Anthony,Enes Kanter,Anfernee Simons,Robert Covington,CJ McCollum,Drew Eubanks,Rudy Gay,Lonnie Walker IV,Patty Mills,Dejounte Murray,1,26,31,0:01:10,0:10:50,0:00:04,95,POR,shot,,,,,,,,,,CJ McCollum,0,,,missed,,3pt pullup jump shot,26,192,168,5.799999999999997,21.8,MISS McCollum 26' 3PT Pullup Jump Shot
22000853,2020-21 Regular Season,2021-04-16,Carmelo Anthony,Enes Kanter,Anfernee Simons,Robert Covington,CJ McCollum,Drew Eubanks,Rudy Gay,Lonnie Walker IV,Patty Mills,Dejounte Murray,1,26,31,0:01:10,0:10:50,0:00:00,96,SAS,rebound,,,,,,,,,,Dejounte Murray,,,,,,rebound defensive,,,,,,Murray REBOUND (Off:1 Def:3)
22000853,2020-21 Regular Season,2021-04-16,Carmelo Anthony,Enes Kanter,Anfernee Simons,Robert Covington,CJ McCollum,Drew Eubanks,Rudy Gay,Lonnie Walker IV,Patty Mills,Dejounte Murray,1,26,31,0:00:58,0:11:02,0:00:12,97,SAS,turnover,,,,,,,,,,Dejounte Murray,,,bad pass,,CJ McCollum,bad pass,,,,,,Murray Bad Pass Turnover (P2.T4): McCollum STEAL (1 STL)
22000853,2020-21 Regular Season,2021-04-16,Carmelo Anthony,Enes Kanter,Anfernee Simons,Robert Covington,CJ McCollum,Drew Eubanks,Rudy Gay,Lonnie Walker IV,Patty Mills,Dejounte Murray,1,26,31,0:00:55,0:11:05,0:00:03,98,POR,turnover,,,,,,,,,,CJ McCollum,,,bad pass,,Drew Eubanks,bad pass,,,,,,Eubanks STEAL (2 STL): McCollum Bad Pass Turnover (P2.T4)
22000853,2020-21 Regular Season,2021-04-16,Carmelo Anthony,Enes Kanter,Anfernee Simons,Robert Covington,CJ McCollum,Drew Eubanks,Rudy Gay,Lonnie Walker IV,Patty Mills,Dejounte Murray,1,26,31,0:00:50,0:11:10,0:00:05,99,SAS,shot,,,,,,,,,,Lonnie Walker IV,0,,,missed,,3pt jump shot,26,169,191,41.900000000000006,69.9,MISS Walker IV 26' 3PT Jump Shot
22000853,2020-21 Regular Season,2021-04-16,Carmelo Anthony,Enes Kanter,Anfernee Simons,Robert Covington,CJ McCollum,Drew Eubanks,Rudy Gay,Lonnie Walker IV,Patty Mills,Dejounte Murray,1,26,31,0:00:49,0:11:11,0:00:01,100,POR,rebound,,,,,,,,,,Enes Kanter,,,,,,rebound defensive,,,,,,Kanter REBOUND (Off:1 Def:2)
22000853,2020-21 Regular Season,2021-04-16,Carmelo Anthony,Enes Kanter,Anfernee Simons,Robert Covington,CJ McCollum,Drew Eubanks,Rudy Gay,Lonnie Walker IV,Patty Mills,Dejounte Murray,1,26,31,0:00:31,0:11:29,0:00:18,101,POR,shot,,,,,,,,,,CJ McCollum,0,,,missed,,floating jump shot,10,1,98,24.9,14.8,MISS McCollum 10' Floating Jump Shot
22000853,2020-21 Regular Season,2021-04-16,Carmelo Anthony,Enes Kanter,Anfernee Simons,Robert Covington,CJ McCollum,Drew Eubanks,Rudy Gay,Lonnie Walker IV,Patty Mills,Dejounte Murray,1,26,31,0:00:28,0:11:32,0:00:03,102,SAS,rebound,,,,,,,,,,Patty Mills,,,,,,rebound defensive,,,,,,Mills REBOUND (Off:0 Def:1)
22000853,2020-21 Regular Season,2021-04-16,Carmelo Anthony,Enes Kanter,Anfernee Simons,Robert Covington,CJ McCollum,Drew Eubanks,Rudy Gay,Lonnie Walker IV,Patty Mills,Dejounte Murray,1,26,31,0:00:08,0:11:52,0:00:20,103,SAS,shot,,,,,,,,,,Rudy Gay,0,,,missed,,3pt jump shot,25,150,196,40.0,69.4,MISS Gay 25' 3PT Jump Shot
22000853,2020-21 Regular Season,2021-04-16,Carmelo Anthony,Enes Kanter,Anfernee Simons,Robert Covington,CJ McCollum,Drew Eubanks,Rudy Gay,Lonnie Walker IV,Patty Mills,Dejounte Murray,1,26,31,0:00:05,0:11:55,0:00:03,104,POR,rebound,,,,,,,,,,Robert Covington,,,,,,rebound defensive,,,,,,Covington REBOUND (Off:1 Def:1)
22000853,2020-21 Regular Season,2021-04-16,Carmelo Anthony,Enes Kanter,Anfernee Simons,Robert Covington,CJ McCollum,Drew Eubanks,Rudy Gay,Lonnie Walker IV,Patty Mills,Dejounte Murray,1,28,31,0:00:00,0:12:00,0:00:05,105,POR,shot,,,,,,,,,,Carmelo Anthony,2,,,made,,jump shot,18,-120,130,37.0,18.0,Anthony 18' Pullup Jump Shot (2 PTS)
22000853,2020-21 Regular Season,2021-04-16,Carmelo Anthony,Enes Kanter,Anfernee Simons,Robert Covington,CJ McCollum,Drew Eubanks,Rudy Gay,Lonnie Walker IV,Patty Mills,Dejounte Murray,1,28,31,0:00:00,0:12:00,0:00:00,106,,,,,,,,,,,,,,,,,,unknown,,,,,,
22000853,2020-21 Regular Season,2021-04-16,Carmelo Anthony,Enes Kanter,Anfernee Simons,Robert Covington,CJ McCollum,Drew Eubanks,Rudy Gay,Lonnie Walker IV,Patty Mills,Dejounte Murray,1,28,31,0:00:00,0:12:00,0:00:00,107,,end of period,,,,,,,,,,,,,,,,end of period,,,,,,
22000853,2020-21 Regular Season,2021-04-16,Carmelo Anthony,Anfernee Simons,Nassir Little,Enes Kanter,Norman Powell,Patty Mills,Dejounte Murray,Rudy Gay,Jakob Poeltl,Lonnie Walker IV,2,28,31,0:12:00,0:00:00,0:00:00,108,,start of period,,,,,,,,,,,,,,,,start of period,,,,,,
22000853,2020-21 Regular Season,2021-04-16,Carmelo Anthony,Anfernee Simons,Nassir Little,Enes Kanter,Norman Powell,Patty Mills,Dejounte Murray,Rudy Gay,Jakob Poeltl,Lonnie Walker IV,2,28,31,0:11:48,0:00:12,0:00:12,109,SAS,shot,,,,,,,,,,Patty Mills,0,,,missed,,3pt step back jump shot,26,200,162,45.0,72.8,MISS Mills 26' 3PT Step Back Jump Shot
22000853,2020-21 Regular Season,2021-04-16,Carmelo Anthony,Anfernee Simons,Nassir Little,Enes Kanter,Norman Powell,Patty Mills,Dejounte Murray,Rudy Gay,Jakob Poeltl,Lonnie Walker IV,2,28,31,0:11:45,0:00:15,0:00:03,110,POR,rebound,,,,,,,,,,Carmelo Anthony,,,,,,rebound defensive,,,,,,Anthony REBOUND (Off:0 Def:1)
22000853,2020-21 Regular Season,2021-04-16,Carmelo Anthony,Anfernee Simons,Nassir Little,Enes Kanter,Norman Powell,Patty Mills,Dejounte Murray,Rudy Gay,Jakob Poeltl,Lonnie Walker IV,2,28,31,0:11:39,0:00:21,0:00:06,111,POR,shot,,,,,,,,,,Carmelo Anthony,0,,,missed,,jump shot,15,-33,147,28.3,19.700000000000003,MISS Anthony 15' Pullup Jump Shot
22000853,2020-21 Regular Season,2021-04-16,Carmelo Anthony,Anfernee Simons,Nassir Little,Enes Kanter,Norman Powell,Patty Mills,Dejounte Murray,Rudy Gay,Jakob Poeltl,Lonnie Walker IV,2,28,31,0:11:37,0:00:23,0:00:02,112,SAS,rebound,,,,,,,,,,,,,,,,rebound defensive,,,,,,SPURS Rebound
22000853,2020-21 Regular Season,2021-04-16,Carmelo Anthony,Anfernee Simons,Nassir Little,Enes Kanter,Norman Powell,Patty Mills,Dejounte Murray,Rudy Gay,Jakob Poeltl,Lonnie Walker IV,2,28,33,0:11:26,0:00:34,0:00:11,113,SAS,shot,,,,,,,,,,Dejounte Murray,2,,,made,,jump shot,12,-70,104,18.0,78.6,Murray 13' Pullup Jump Shot (4 PTS)
22000853,2020-21 Regular Season,2021-04-16,Carmelo Anthony,Anfernee Simons,Nassir Little,Enes Kanter,Norman Powell,Patty Mills,Dejounte Murray,Rudy Gay,Jakob Poeltl,Lonnie Walker IV,2,31,33,0:11:07,0:00:53,0:00:19,114,POR,shot,Carmelo Anthony,,,,,,,,,Anfernee Simons,3,,,made,,3pt jump shot,24,230,78,2.0,12.8,Simons 24' 3PT Jump Shot (3 PTS) (Anthony 1 AST)
22000853,2020-21 Regular Season,2021-04-16,Carmelo Anthony,Anfernee Simons,Nassir Little,Enes Kanter,Norman Powell,Patty Mills,Dejounte Murray,Rudy Gay,Jakob Poeltl,Lonnie Walker IV,2,31,33,0:10:52,0:01:08,0:00:15,115,POR,foul,,,,,,,,Dejounte Murray,,Nassir Little,,,p.foul,,,personal,,,,,,Little P.FOUL (P1.T1) (J.Sterling)
22000853,2020-21 Regular Season,2021-04-16,Carmelo Anthony,Anfernee Simons,Nassir Little,Enes Kanter,Norman Powell,Patty Mills,Dejounte Murray,Rudy Gay,Jakob Poeltl,Lonnie Walker IV,2,31,33,0:10:37,0:01:23,0:00:15,116,SAS,shot,,,,,,,,,,Rudy Gay,0,,,missed,,jump shot,18,-152,95,9.799999999999999,79.5,MISS Gay 18' Step Back Jump Shot
22000853,2020-21 Regular Season,2021-04-16,Carmelo Anthony,Anfernee Simons,Nassir Little,Enes Kanter,Norman Powell,Patty Mills,Dejounte Murray,Rudy Gay,Jakob Poeltl,Lonnie Walker IV,2,31,33,0:10:34,0:01:26,0:00:03,117,POR,rebound,,,,,,,,,,Enes Kanter,,,,,,rebound defensive,,,,,,Kanter REBOUND (Off:1 Def:3)
22000853,2020-21 Regular Season,2021-04-16,Carmelo Anthony,Anfernee Simons,Nassir Little,Enes Kanter,Norman Powell,Patty Mills,Dejounte Murray,Rudy Gay,Jakob Poeltl,Lonnie Walker IV,2,31,33,0:10:29,0:01:31,0:00:05,118,POR,shot,,,,,,,,,,Norman Powell,0,,,missed,,3pt jump shot,23,232,26,1.7999999999999972,7.6,MISS Powell 3PT Jump Shot
22000853,2020-21 Regular Season,2021-04-16,Carmelo Anthony,Anfernee Simons,Nassir Little,Enes Kanter,Norman Powell,Patty Mills,Dejounte Murray,Rudy Gay,Jakob Poeltl,Lonnie Walker IV,2,31,33,0:10:29,0:01:31,0:00:00,119,POR,rebound,,,,,,,,,,Carmelo Anthony,,,,,,rebound offensive,,,,,,Anthony REBOUND (Off:1 Def:1)
22000853,2020-21 Regular Season,2021-04-16,Carmelo Anthony,Anfernee Simons,Nassir Little,Enes Kanter,Norman Powell,Patty Mills,Dejounte Murray,Rudy Gay,Jakob Poeltl,Lonnie Walker IV,2,33,33,0:10:13,0:01:47,0:00:16,120,POR,shot,,,,,,,,,,Carmelo Anthony,2,,,made,,jump shot,11,-109,29,35.9,7.9,Anthony 11' Pullup Jump Shot (4 PTS)
22000853,2020-21 Regular Season,2021-04-16,Carmelo Anthony,Anfernee Simons,Nassir Little,Enes Kanter,Norman Powell,Patty Mills,Dejounte Murray,Rudy Gay,Jakob Poeltl,Lonnie Walker IV,2,33,33,0:09:58,0:02:02,0:00:15,121,SAS,shot,,,,,,,,,,Dejounte Murray,0,,,missed,,jump shot,18,-83,155,16.7,73.5,MISS Murray 18' Pullup Jump Shot
22000853,2020-21 Regular Season,2021-04-16,Carmelo Anthony,Anfernee Simons,Nassir Little,Enes Kanter,Norman Powell,Patty Mills,Dejounte Murray,Rudy Gay,Jakob Poeltl,Lonnie Walker IV,2,33,33,0:09:55,0:02:05,0:00:03,122,POR,rebound,,,,,,,,,,Norman Powell,,,,,,rebound defensive,,,,,,Powell REBOUND (Off:0 Def:2)
22000853,2020-21 Regular Season,2021-04-16,Carmelo Anthony,Anfernee Simons,Nassir Little,Enes Kanter,Norman Powell,Patty Mills,Dejounte Murray,Rudy Gay,Jakob Poeltl,Lonnie Walker IV,2,35,33,0:09:47,0:02:13,0:00:08,123,POR,shot,Norman Powell,,,,,,,,,Enes Kanter,2,,,made,,cutting layup shot,1,-3,6,25.3,5.6,Kanter 1' Cutting Layup Shot (4 PTS) (Powell 2 AST)
22000853,2020-21 Regular Season,2021-04-16,Carmelo Anthony,Anfernee Simons,Nassir Little,Enes Kanter,Norman Powell,Patty Mills,Dejounte Murray,Rudy Gay,Jakob Poeltl,Lonnie Walker IV,2,35,35,0:09:26,0:02:34,0:00:21,124,SAS,shot,Patty Mills,,,,,,,,,Jakob Poeltl,2,,,made,,cutting finger roll layup shot,2,4,16,25.4,87.4,Poeltl 2' Cutting Finger Roll Layup Shot (2 PTS) (Mills 1 AST)
22000853,2020-21 Regular Season,2021-04-16,Carmelo Anthony,Anfernee Simons,Nassir Little,Enes Kanter,Norman Powell,Patty Mills,Dejounte Murray,Rudy Gay,Jakob Poeltl,Lonnie Walker IV,2,38,35,0:09:01,0:02:59,0:00:25,125,POR,shot,Enes Kanter,,,,,,,,,Anfernee Simons,3,,,made,,3pt pullup jump shot,25,-207,140,45.7,19.0,Simons 25' 3PT Pullup Jump Shot (6 PTS) (Kanter 1 AST)
22000853,2020-21 Regular Season,2021-04-16,Carmelo Anthony,Anfernee Simons,Nassir Little,Enes Kanter,Norman Powell,Patty Mills,Dejounte Murray,Rudy Gay,Jakob Poeltl,Lonnie Walker IV,2,38,37,0:08:41,0:03:19,0:00:20,126,SAS,shot,,,,,,,,,,Dejounte Murray,2,,,made,,floating jump shot,6,-1,63,24.9,82.7,Murray 6' Floating Jump Shot (6 PTS)
22000853,2020-21 Regular Season,2021-04-16,Carmelo Anthony,Anfernee Simons,Nassir Little,Enes Kanter,Norman Powell,Patty Mills,Dejounte Murray,Rudy Gay,Jakob Poeltl,Lonnie Walker IV,2,38,37,0:08:31,0:03:29,0:00:10,127,POR,shot,,,,,,,,,,Anfernee Simons,0,,,missed,,3pt pullup jump shot,26,-189,172,43.900000000000006,22.2,MISS Simons 26' 3PT Pullup Jump Shot
22000853,2020-21 Regular Season,2021-04-16,Carmelo Anthony,Anfernee Simons,Nassir Little,Enes Kanter,Norman Powell,Patty Mills,Dejounte Murray,Rudy Gay,Jakob Poeltl,Lonnie Walker IV,2,38,37,0:08:28,0:03:32,0:00:03,128,SAS,rebound,,,,,,,,,,Dejounte Murray,,,,,,rebound defensive,,,,,,Murray REBOUND (Off:1 Def:4)
22000853,2020-21 Regular Season,2021-04-16,Carmelo Anthony,Anfernee Simons,Nassir Little,Enes Kanter,Norman Powell,Patty Mills,Dejounte Murray,Rudy Gay,Jakob Poeltl,Lonnie Walker IV,2,38,37,0:08:19,0:03:41,0:00:09,129,SAS,shot,,,,,,,,,,Patty Mills,0,,,missed,,driving layup,1,-1,10,24.9,88.0,MISS Mills 1' Driving Layup
22000853,2020-21 Regular Season,2021-04-16,Carmelo Anthony,Anfernee Simons,Nassir Little,Enes Kanter,Norman Powell,Patty Mills,Dejounte Murray,Rudy Gay,Jakob Poeltl,Lonnie Walker IV,2,38,37,0:08:17,0:03:43,0:00:02,130,POR,rebound,,,,,,,,,,Enes Kanter,,,,,,rebound defensive,,,,,,Kanter REBOUND (Off:1 Def:4)
22000853,2020-21 Regular Season,2021-04-16,Carmelo Anthony,Anfernee Simons,Nassir Little,Enes Kanter,Norman Powell,Patty Mills,Dejounte Murray,Rudy Gay,Jakob Poeltl,Lonnie Walker IV,2,38,37,0:08:10,0:03:50,0:00:07,131,POR,shot,,,,,,,,,,Norman Powell,0,,,missed,,fadeaway jumper,11,111,6,13.899999999999999,5.6,MISS Powell 11' Fadeaway Jumper
22000853,2020-21 Regular Season,2021-04-16,Carmelo Anthony,Anfernee Simons,Nassir Little,Enes Kanter,Norman Powell,Patty Mills,Dejounte Murray,Rudy Gay,Jakob Poeltl,Lonnie Walker IV,2,38,37,0:08:08,0:03:52,0:00:02,132,SAS,rebound,,,,,,,,,,Dejounte Murray,,,,,,rebound defensive,,,,,,Murray REBOUND (Off:1 Def:5)
22000853,2020-21 Regular Season,2021-04-16,Carmelo Anthony,Anfernee Simons,Nassir Little,Enes Kanter,Norman Powell,Patty Mills,Dejounte Murray,Rudy Gay,Jakob Poeltl,Lonnie Walker IV,2,38,37,0:08:06,0:03:54,0:00:02,133,POR,foul,,,,,,,,Dejounte Murray,,Carmelo Anthony,,,s.foul,,,shooting,,,,,,Anthony S.FOUL (P1.T2) (E.Lewis)
22000853,2020-21 Regular Season,2021-04-16,Carmelo Anthony,Anfernee Simons,Nassir Little,Enes Kanter,Norman Powell,Patty Mills,Dejounte Murray,Rudy Gay,Jakob Poeltl,Lonnie Walker IV,2,38,37,0:08:06,0:03:54,0:00:00,134,SAS,free throw,,,,,,,1,,2,Dejounte Murray,0,,,missed,,free throw 1/2,,,,,,MISS Murray Free Throw 1 of 2
22000853,2020-21 Regular Season,2021-04-16,Carmelo Anthony,Anfernee Simons,Nassir Little,Enes Kanter,Norman Powell,Patty Mills,Dejounte Murray,Rudy Gay,Jakob Poeltl,Lonnie Walker IV,2,38,37,0:08:06,0:03:54,0:00:00,135,SAS,rebound,,,,,,,,,,,,,,,,team rebound,,,,,,SPURS Rebound
22000853,2020-21 Regular Season,2021-04-16,Carmelo Anthony,Anfernee Simons,Nassir Little,Enes Kanter,Norman Powell,Patty Mills,Dejounte Murray,Rudy Gay,Jakob Poeltl,Derrick White,2,38,37,0:08:06,0:03:54,0:00:00,136,SAS,substitution,,,,,Derrick White,Lonnie Walker IV,,,,Lonnie Walker IV,,,,,,sub,,,,,,SUB: White FOR Walker IV
22000853,2020-21 Regular Season,2021-04-16,Carmelo Anthony,Anfernee Simons,Nassir Little,Enes Kanter,Norman Powell,Patty Mills,Dejounte Murray,Rudy Gay,Jakob Poeltl,Lonnie Walker IV,2,38,38,0:08:06,0:03:54,0:00:00,137,SAS,free throw,,,,,,,2,,2,Dejounte Murray,1,,,made,,free throw 2/2,,,,,,Murray Free Throw 2 of 2 (7 PTS)
22000853,2020-21 Regular Season,2021-04-16,Carmelo Anthony,Anfernee Simons,Nassir Little,Enes Kanter,Norman Powell,Patty Mills,Dejounte Murray,Rudy Gay,Jakob Poeltl,Derrick White,2,38,38,0:07:42,0:04:18,0:00:24,138,POR,shot,,,,,,,,,,Norman Powell,0,,,missed,,3pt jump shot,28,33,279,21.7,32.900000000000006,MISS Powell 28' 3PT Jump Shot
22000853,2020-21 Regular Season,2021-04-16,Carmelo Anthony,Anfernee Simons,Nassir Little,Enes Kanter,Norman Powell,Patty Mills,Dejounte Murray,Rudy Gay,Jakob Poeltl,Derrick White,2,38,38,0:07:40,0:04:20,0:00:02,139,SAS,rebound,,,,,,,,,,Rudy Gay,,,,,,rebound defensive,,,,,,Gay REBOUND (Off:0 Def:1)
22000853,2020-21 Regular Season,2021-04-16,Carmelo Anthony,Anfernee Simons,Nassir Little,Enes Kanter,Norman Powell,Patty Mills,Dejounte Murray,Rudy Gay,Jakob Poeltl,Derrick White,2,38,40,0:07:26,0:04:34,0:00:14,140,SAS,shot,,,,,,,,,,Rudy Gay,2,,,made,,jump shot,13,97,88,34.7,80.2,Gay 13' Pullup Jump Shot (2 PTS)
22000853,2020-21 Regular Season,2021-04-16,Carmelo Anthony,Anfernee Simons,Nassir Little,Enes Kanter,Norman Powell,Patty Mills,Dejounte Murray,Rudy Gay,Jakob Poeltl,Derrick White,2,38,40,0:07:26,0:04:34,0:00:00,141,POR,timeout,,,,,,,,,,,,,,,,timeout: regular,,,,,,Trail Blazers Timeout: Regular (Reg.2 Short 0)
22000853,2020-21 Regular Season,2021-04-16,Carmelo Anthony,Anfernee Simons,Derrick Jones Jr.,Enes Kanter,Norman Powell,Patty Mills,Dejounte Murray,Rudy Gay,Jakob Poeltl,Derrick White,2,38,40,0:07:26,0:04:34,0:00:00,142,POR,substitution,,,,,Derrick Jones Jr.,Nassir Little,,,,Nassir Little,,,,,,sub,,,,,,SUB: Jones Jr. FOR Little
22000853,2020-21 Regular Season,2021-04-16,Carmelo Anthony,Anfernee Simons,Derrick Jones Jr.,Enes Kanter,Norman Powell,Patty Mills,DeMar DeRozan,Rudy Gay,Jakob Poeltl,Derrick White,2,38,40,0:07:16,0:04:44,0:00:10,143,SAS,substitution,,,,,DeMar DeRozan,Dejounte Murray,,,,Dejounte Murray,,,,,,sub,,,,,,SUB: DeRozan FOR Murray
22000853,2020-21 Regular Season,2021-04-16,Carmelo Anthony,Anfernee Simons,Derrick Jones Jr.,Enes Kanter,Norman Powell,Patty Mills,DeMar DeRozan,Rudy Gay,Jakob Poeltl,Derrick White,2,40,40,0:07:07,0:04:53,0:00:09,144,POR,shot,,,,,,,,,,Carmelo Anthony,2,,,made,,jump shot,19,-189,31,43.900000000000006,8.1,Anthony 19' Step Back Jump Shot (6 PTS)
22000853,2020-21 Regular Season,2021-04-16,Carmelo Anthony,Anfernee Simons,Derrick Jones Jr.,Enes Kanter,Norman Powell,Patty Mills,DeMar DeRozan,Rudy Gay,Jakob Poeltl,Derrick White,2,40,40,0:06:48,0:05:12,0:00:19,145,SAS,shot,,,,,,,,,,Patty Mills,0,,,missed,,3pt jump shot,26,-94,239,15.6,65.1,MISS Mills 26' 3PT Jump Shot
22000853,2020-21 Regular Season,2021-04-16,Carmelo Anthony,Anfernee Simons,Derrick Jones Jr.,Enes Kanter,Norman Powell,Patty Mills,DeMar DeRozan,Rudy Gay,Jakob Poeltl,Derrick White,2,40,40,0:06:46,0:05:14,0:00:02,146,POR,rebound,,,,,,,,,,Enes Kanter,,,,,,rebound defensive,,,,,,Kanter REBOUND (Off:1 Def:5)
22000853,2020-21 Regular Season,2021-04-16,Carmelo Anthony,Anfernee Simons,Derrick Jones Jr.,Enes Kanter,Norman Powell,Patty Mills,DeMar DeRozan,Rudy Gay,Jakob Poeltl,Derrick White,2,40,40,0:06:38,0:05:22,0:00:08,147,POR,shot,,,,Jakob Poeltl,,,,,,Carmelo Anthony,0,,,missed,,driving layup,1,-11,5,26.1,5.5,Poeltl BLOCK (1 BLK): MISS Anthony 1' Driving Layup
22000853,2020-21 Regular Season,2021-04-16,Carmelo Anthony,Anfernee Simons,Derrick Jones Jr.,Enes Kanter,Norman Powell,Patty Mills,DeMar DeRozan,Rudy Gay,Jakob Poeltl,Derrick White,2,40,40,0:06:36,0:05:24,0:00:02,148,SAS,rebound,,,,,,,,,,Rudy Gay,,,,,,rebound defensive,,,,,,Gay REBOUND (Off:0 Def:2)
22000853,2020-21 Regular Season,2021-04-16,Carmelo Anthony,Anfernee Simons,Derrick Jones Jr.,Enes Kanter,Norman Powell,Patty Mills,DeMar DeRozan,Rudy Gay,Jakob Poeltl,Derrick White,2,40,40,0:06:31,0:05:29,0:00:05,149,SAS,shot,,,,,,,,,,Derrick White,0,,,missed,,3pt jump shot,23,227,-8,47.7,89.8,MISS White 3PT Jump Shot
22000853,2020-21 Regular Season,2021-04-16,Carmelo Anthony,Anfernee Simons,Derrick Jones Jr.,Enes Kanter,Norman Powell,Patty Mills,DeMar DeRozan,Rudy Gay,Jakob Poeltl,Derrick White,2,40,40,0:06:28,0:05:32,0:00:03,150,SAS,rebound,,,,,,,,,,Jakob Poeltl,,,,,,rebound offensive,,,,,,Poeltl REBOUND (Off:1 Def:0)
22000853,2020-21 Regular Season,2021-04-16,Carmelo Anthony,Anfernee Simons,Derrick Jones Jr.,Enes Kanter,Norman Powell,Patty Mills,DeMar DeRozan,Rudy Gay,Jakob Poeltl,Derrick White,2,40,42,0:06:26,0:05:34,0:00:02,151,SAS,shot,,,,,,,,,,Jakob Poeltl,2,,,made,,layup,0,-1,5,24.9,88.5,Poeltl 1' Putback Layup (4 PTS)
22000853,2020-21 Regular Season,2021-04-16,Carmelo Anthony,Anfernee Simons,Derrick Jones Jr.,Enes Kanter,Norman Powell,Patty Mills,DeMar DeRozan,Rudy Gay,Jakob Poeltl,Derrick White,2,40,42,0:05:59,0:06:01,0:00:27,152,POR,turnover,,,,,,,,,,Carmelo Anthony,,,out of bounds lost ball,,,out of bounds lost ball,,,,,,Anthony Out of Bounds Lost Ball Turnover (P1.T5)
22000853,2020-21 Regular Season,2021-04-16,Carmelo Anthony,Anfernee Simons,Derrick Jones Jr.,Enes Kanter,Norman Powell,Keldon Johnson,DeMar DeRozan,Rudy Gay,Jakob Poeltl,Derrick White,2,40,42,0:05:59,0:06:01,0:00:00,153,SAS,substitution,,,,,Keldon Johnson,Patty Mills,,,,Patty Mills,,,,,,sub,,,,,,SUB: Johnson FOR Mills
22000853,2020-21 Regular Season,2021-04-16,Carmelo Anthony,Anfernee Simons,Derrick Jones Jr.,Enes Kanter,Norman Powell,Keldon Johnson,DeMar DeRozan,Rudy Gay,Jakob Poeltl,Derrick White,2,40,42,0:05:50,0:06:10,0:00:09,154,SAS,shot,,,,,,,,,,DeMar DeRozan,0,,,missed,,jump shot,20,-41,199,20.9,69.1,MISS DeRozan 20' Jump Shot
22000853,2020-21 Regular Season,2021-04-16,Carmelo Anthony,Anfernee Simons,Derrick Jones Jr.,Enes Kanter,Norman Powell,Keldon Johnson,DeMar DeRozan,Rudy Gay,Jakob Poeltl,Derrick White,2,40,42,0:05:47,0:06:13,0:00:03,155,SAS,rebound,,,,,,,,,,Keldon Johnson,,,,,,rebound offensive,,,,,,Johnson REBOUND (Off:2 Def:2)
22000853,2020-21 Regular Season,2021-04-16,Carmelo Anthony,Anfernee Simons,Derrick Jones Jr.,Enes Kanter,Norman Powell,Keldon Johnson,DeMar DeRozan,Rudy Gay,Jakob Poeltl,Derrick White,2,40,42,0:05:36,0:06:24,0:00:11,156,SAS,shot,,,,,,,,,,Jakob Poeltl,0,,,missed,,layup,6,-11,59,23.9,83.1,MISS Poeltl 6' Layup
22000853,2020-21 Regular Season,2021-04-16,Carmelo Anthony,Anfernee Simons,Derrick Jones Jr.,Enes Kanter,Norman Powell,Keldon Johnson,DeMar DeRozan,Rudy Gay,Jakob Poeltl,Derrick White,2,40,42,0:05:31,0:06:29,0:00:05,157,SAS,shot,,,,,,,,,,Jakob Poeltl,0,,,missed,,layup,0,0,0,25.0,89.0,MISS Poeltl Tip Layup Shot
22000853,2020-21 Regular Season,2021-04-16,Carmelo Anthony,Anfernee Simons,Derrick Jones Jr.,Enes Kanter,Norman Powell,Keldon Johnson,DeMar DeRozan,Rudy Gay,Jakob Poeltl,Derrick White,2,40,42,0:05:31,0:06:29,0:00:00,158,SAS,rebound,,,,,,,,,,Jakob Poeltl,,,,,,rebound offensive,,,,,,Poeltl REBOUND (Off:2 Def:0)
22000853,2020-21 Regular Season,2021-04-16,Carmelo Anthony,Anfernee Simons,Derrick Jones Jr.,Enes Kanter,Norman Powell,Keldon Johnson,DeMar DeRozan,Rudy Gay,Jakob Poeltl,Derrick White,2,40,42,0:05:30,0:06:30,0:00:01,159,POR,rebound,,,,,,,,,,Enes Kanter,,,,,,rebound defensive,,,,,,Kanter REBOUND (Off:1 Def:6)
22000853,2020-21 Regular Season,2021-04-16,Carmelo Anthony,Anfernee Simons,Derrick Jones Jr.,Enes Kanter,Norman Powell,Keldon Johnson,DeMar DeRozan,Rudy Gay,Jakob Poeltl,Derrick White,2,42,42,0:05:24,0:06:36,0:00:06,160,POR,shot,,,,,,,,,,Enes Kanter,2,,,made,,cutting layup shot,0,-5,0,25.5,5.0,Kanter 1' Cutting Layup Shot (6 PTS)
22000853,2020-21 Regular Season,2021-04-16,Carmelo Anthony,Anfernee Simons,Derrick Jones Jr.,Enes Kanter,Norman Powell,Keldon Johnson,DeMar DeRozan,Rudy Gay,Jakob Poeltl,Derrick White,2,42,45,0:05:06,0:06:54,0:00:18,161,SAS,shot,Rudy Gay,,,,,,,,,Derrick White,3,,,made,,3pt jump shot,29,-89,272,16.1,61.8,White 29' 3PT Jump Shot (6 PTS) (Gay 1 AST)
22000853,2020-21 Regular Season,2021-04-16,Carmelo Anthony,Anfernee Simons,Derrick Jones Jr.,Enes Kanter,Norman Powell,Keldon Johnson,DeMar DeRozan,Rudy Gay,Jakob Poeltl,Derrick White,2,42,45,0:04:52,0:07:08,0:00:14,162,POR,shot,,,,,,,,,,Anfernee Simons,0,,,missed,,3pt pullup jump shot,25,212,130,3.799999999999997,18.0,MISS Simons 25' 3PT Pullup Jump Shot
22000853,2020-21 Regular Season,2021-04-16,Carmelo Anthony,Anfernee Simons,Derrick Jones Jr.,Enes Kanter,Norman Powell,Keldon Johnson,DeMar DeRozan,Rudy Gay,Jakob Poeltl,Derrick White,2,42,45,0:04:49,0:07:11,0:00:03,163,SAS,rebound,,,,,,,,,,Keldon Johnson,,,,,,rebound defensive,,,,,,Johnson REBOUND (Off:2 Def:3)
22000853,2020-21 Regular Season,2021-04-16,Carmelo Anthony,Anfernee Simons,Derrick Jones Jr.,Enes Kanter,Norman Powell,Keldon Johnson,DeMar DeRozan,Rudy Gay,Jakob Poeltl,Derrick White,2,42,45,0:04:42,0:07:18,0:00:07,164,SAS,shot,,,,,,,,,,DeMar DeRozan,0,,,missed,,driving floating jump shot,12,42,107,29.2,78.3,MISS DeRozan 11' Driving Floating Jump Shot
22000853,2020-21 Regular Season,2021-04-16,Carmelo Anthony,Anfernee Simons,Derrick Jones Jr.,Enes Kanter,Norman Powell,Keldon Johnson,DeMar DeRozan,Rudy Gay,Jakob Poeltl,Derrick White,2,42,45,0:04:41,0:07:19,0:00:01,165,SAS,rebound,,,,,,,,,,DeMar DeRozan,,,,,,rebound offensive,,,,,,DeRozan REBOUND (Off:1 Def:1)
22000853,2020-21 Regular Season,2021-04-16,Carmelo Anthony,Anfernee Simons,Derrick Jones Jr.,Enes Kanter,Norman Powell,Keldon Johnson,DeMar DeRozan,Rudy Gay,Jakob Poeltl,Derrick White,2,42,47,0:04:34,0:07:26,0:00:07,166,SAS,shot,,,,,,,,,,DeMar DeRozan,2,,,made,,layup,0,0,0,25.0,89.0,DeRozan Putback Layup (11 PTS)
22000853,2020-21 Regular Season,2021-04-16,Carmelo Anthony,Anfernee Simons,Derrick Jones Jr.,Enes Kanter,Norman Powell,Keldon Johnson,DeMar DeRozan,Rudy Gay,Jakob Poeltl,Derrick White,2,42,47,0:04:18,0:07:42,0:00:16,167,POR,shot,,,,Rudy Gay,,,,,,Carmelo Anthony,0,,,missed,,layup,1,3,8,24.7,5.8,Gay BLOCK (1 BLK): MISS Anthony 1' Layup
22000853,2020-21 Regular Season,2021-04-16,Carmelo Anthony,Anfernee Simons,Derrick Jones Jr.,Enes Kanter,Norman Powell,Keldon Johnson,DeMar DeRozan,Rudy Gay,Jakob Poeltl,Derrick White,2,42,47,0:04:18,0:07:42,0:00:00,168,POR,rebound,,,,,,,,,,,,,,,,rebound offensive,,,,,,Trail Blazers Rebound
22000853,2020-21 Regular Season,2021-04-16,Carmelo Anthony,Anfernee Simons,Derrick Jones Jr.,Enes Kanter,Norman Powell,Keldon Johnson,DeMar DeRozan,Dejounte Murray,Jakob Poeltl,Derrick White,2,42,47,0:04:18,0:07:42,0:00:00,169,SAS,substitution,,,,,Dejounte Murray,Rudy Gay,,,,Rudy Gay,,,,,,sub,,,,,,SUB: Murray FOR Gay
22000853,2020-21 Regular Season,2021-04-16,Carmelo Anthony,Anfernee Simons,Jusuf Nurkic,Enes Kanter,Norman Powell,Keldon Johnson,DeMar DeRozan,Dejounte Murray,Jakob Poeltl,Derrick White,2,42,47,0:04:18,0:07:42,0:00:00,170,POR,substitution,,,,,Jusuf Nurkic,Derrick Jones Jr.,,,,Derrick Jones Jr.,,,,,,sub,,,,,,SUB: Nurkic FOR Jones Jr.
22000853,2020-21 Regular Season,2021-04-16,Carmelo Anthony,Anfernee Simons,Jusuf Nurkic,CJ McCollum,Norman Powell,Keldon Johnson,DeMar DeRozan,Dejounte Murray,Jakob Poeltl,Derrick White,2,42,47,0:04:18,0:07:42,0:00:00,171,POR,substitution,,,,,CJ McCollum,Enes Kanter,,,,Enes Kanter,,,,,,sub,,,,,,SUB: McCollum FOR Kanter
22000853,2020-21 Regular Season,2021-04-16,Carmelo Anthony,Anfernee Simons,Jusuf Nurkic,CJ McCollum,Robert Covington,Keldon Johnson,DeMar DeRozan,Dejounte Murray,Jakob Poeltl,Derrick White,2,42,47,0:04:18,0:07:42,0:00:00,172,POR,substitution,,,,,Robert Covington,Norman Powell,,,,Norman Powell,,,,,,sub,,,,,,SUB: Covington FOR Powell
22000853,2020-21 Regular Season,2021-04-16,Derrick Jones Jr.,Anfernee Simons,Jusuf Nurkic,CJ McCollum,Robert Covington,Keldon Johnson,DeMar DeRozan,Dejounte Murray,Jakob Poeltl,Derrick White,2,42,47,0:04:18,0:07:42,0:00:00,173,POR,substitution,,,,,Derrick Jones Jr.,Carmelo Anthony,,,,Carmelo Anthony,,,,,,sub,,,,,,SUB: Jones Jr. FOR Anthony
22000853,2020-21 Regular Season,2021-04-16,Derrick Jones Jr.,Anfernee Simons,Jusuf Nurkic,CJ McCollum,Robert Covington,Keldon Johnson,DeMar DeRozan,Dejounte Murray,Jakob Poeltl,Derrick White,2,45,47,0:04:13,0:07:47,0:00:05,174,POR,shot,CJ McCollum,,,,,,,,,Anfernee Simons,3,,,made,,3pt jump shot,24,-238,24,48.8,7.4,Simons 24' 3PT Jump Shot (9 PTS) (McCollum 2 AST)
22000853,2020-21 Regular Season,2021-04-16,Derrick Jones Jr.,Anfernee Simons,Jusuf Nurkic,CJ McCollum,Robert Covington,Keldon Johnson,DeMar DeRozan,Dejounte Murray,Jakob Poeltl,Derrick White,2,45,47,0:03:56,0:08:04,0:00:17,175,SAS,turnover,,,,,,,,,,Derrick White,,,out of bounds lost ball,,,out of bounds lost ball,,,,,,White Out of Bounds Lost Ball Turnover (P1.T5)
22000853,2020-21 Regular Season,2021-04-16,Derrick Jones Jr.,Anfernee Simons,Jusuf Nurkic,CJ McCollum,Robert Covington,Keldon Johnson,DeMar DeRozan,Dejounte Murray,Jakob Poeltl,Derrick White,2,45,47,0:03:49,0:08:11,0:00:07,176,POR,foul,,,,,,,,,,Carmelo Anthony,,,,,,technical,,,,,,Anthony T.FOUL (P1.T2) (J.Sterling)
22000853,2020-21 Regular Season,2021-04-16,Derrick Jones Jr.,Anfernee Simons,Jusuf Nurkic,CJ McCollum,Robert Covington,Keldon Johnson,DeMar DeRozan,Dejounte Murray,Jakob Poeltl,Derrick White,2,45,48,0:03:49,0:08:11,0:00:00,177,SAS,free throw,,,,,,,1,,1,DeMar DeRozan,1,,,made,,free throw technical,,,,,,DeRozan Free Throw Technical (12 PTS)
22000853,2020-21 Regular Season,2021-04-16,Derrick Jones Jr.,Anfernee Simons,Jusuf Nurkic,CJ McCollum,Robert Covington,Keldon Johnson,DeMar DeRozan,Dejounte Murray,Jakob Poeltl,Derrick White,2,45,48,0:03:41,0:08:19,0:00:08,178,SAS,foul,,,,,,,,Jusuf Nurkic,,Dejounte Murray,,,s.foul,,,shooting,,,,,,Murray S.FOUL (P1.T1) (E.Lewis)
22000853,2020-21 Regular Season,2021-04-16,Derrick Jones Jr.,Anfernee Simons,Jusuf Nurkic,CJ McCollum,Robert Covington,Keldon Johnson,DeMar DeRozan,Dejounte Murray,Jakob Poeltl,Derrick White,2,45,48,0:03:41,0:08:19,0:00:00,179,POR,free throw,,,,,,,1,,2,Jusuf Nurkic,0,,,missed,,free throw 1/2,,,,,,MISS Nurkic Free Throw 1 of 2
22000853,2020-21 Regular Season,2021-04-16,Derrick Jones Jr.,Anfernee Simons,Jusuf Nurkic,CJ McCollum,Robert Covington,Keldon Johnson,DeMar DeRozan,Dejounte Murray,Jakob Poeltl,Derrick White,2,45,48,0:03:41,0:08:19,0:00:00,180,POR,rebound,,,,,,,,,,,,,,,,team rebound,,,,,,Trail Blazers Rebound
22000853,2020-21 Regular Season,2021-04-16,Derrick Jones Jr.,Anfernee Simons,Jusuf Nurkic,CJ McCollum,Robert Covington,Keldon Johnson,DeMar DeRozan,Dejounte Murray,Jakob Poeltl,Derrick White,2,46,48,0:03:41,0:08:19,0:00:00,181,POR,free throw,,,,,,,2,,2,Jusuf Nurkic,1,,,made,,free throw 2/2,,,,,,Nurkic Free Throw 2 of 2 (5 PTS)
22000853,2020-21 Regular Season,2021-04-16,Derrick Jones Jr.,Anfernee Simons,Jusuf Nurkic,CJ McCollum,Robert Covington,Keldon Johnson,DeMar DeRozan,Dejounte Murray,Jakob Poeltl,Derrick White,2,46,48,0:03:29,0:08:31,0:00:12,182,SAS,shot,,,,,,,,,,Dejounte Murray,0,,,missed,,3pt jump shot,26,-155,202,9.5,68.8,MISS Murray 25' 3PT Jump Shot
22000853,2020-21 Regular Season,2021-04-16,Derrick Jones Jr.,Anfernee Simons,Jusuf Nurkic,CJ McCollum,Robert Covington,Keldon Johnson,DeMar DeRozan,Dejounte Murray,Jakob Poeltl,Derrick White,2,46,48,0:03:25,0:08:35,0:00:04,183,POR,rebound,,,,,,,,,,Robert Covington,,,,,,rebound defensive,,,,,,Covington REBOUND (Off:1 Def:2)
22000853,2020-21 Regular Season,2021-04-16,Derrick Jones Jr.,Anfernee Simons,Jusuf Nurkic,CJ McCollum,Robert Covington,Keldon Johnson,DeMar DeRozan,Dejounte Murray,Jakob Poeltl,Derrick White,2,46,48,0:03:14,0:08:46,0:00:11,184,POR,foul,,,,,,,,Derrick White,,Robert Covington,,,,,,offensive,,,,,,Covington OFF.Foul (P1) (J.Sterling)
22000853,2020-21 Regular Season,2021-04-16,Derrick Jones Jr.,Anfernee Simons,Jusuf Nurkic,CJ McCollum,Robert Covington,Keldon Johnson,DeMar DeRozan,Dejounte Murray,Jakob Poeltl,Derrick White,2,46,48,0:03:14,0:08:46,0:00:00,185,POR,turnover,,,,,,,,,,Robert Covington,,,offensive foul turnover,,,offensive foul,,,,,,Covington Offensive Foul Turnover (P1.T6)
22000853,2020-21 Regular Season,2021-04-16,Derrick Jones Jr.,Anfernee Simons,Jusuf Nurkic,CJ McCollum,Robert Covington,Keldon Johnson,DeMar DeRozan,Dejounte Murray,Jakob Poeltl,Derrick White,2,46,48,0:03:06,0:08:54,0:00:08,186,SAS,shot,,,,,,,,,,DeMar DeRozan,0,,,missed,,jump shot,13,-28,128,22.2,76.2,MISS DeRozan 13' Pullup Jump Shot
22000853,2020-21 Regular Season,2021-04-16,Derrick Jones Jr.,Anfernee Simons,Jusuf Nurkic,CJ McCollum,Robert Covington,Keldon Johnson,DeMar DeRozan,Dejounte Murray,Jakob Poeltl,Derrick White,2,46,48,0:03:04,0:08:56,0:00:02,187,POR,rebound,,,,,,,,,,,,,,,,rebound defensive,,,,,,Trail Blazers Rebound
22000853,2020-21 Regular Season,2021-04-16,Derrick Jones Jr.,Anfernee Simons,Jusuf Nurkic,CJ McCollum,Robert Covington,Keldon Johnson,DeMar DeRozan,Dejounte Murray,Jakob Poeltl,Derrick White,2,46,48,0:02:58,0:09:02,0:00:06,188,SAS,foul,,,,,,,,CJ McCollum,,Dejounte Murray,,,p.foul,,,personal,,,,,,Murray P.FOUL (P2.T2) (E.Lewis)
22000853,2020-21 Regular Season,2021-04-16,Derrick Jones Jr.,Anfernee Simons,Jusuf Nurkic,CJ McCollum,Robert Covington,Keldon Johnson,DeMar DeRozan,Dejounte Murray,Jakob Poeltl,Derrick White,2,46,48,0:02:58,0:09:02,0:00:00,189,SAS,timeout,,,,,,,,,,,,,,,,timeout: regular,,,,,,SPURS Timeout: Regular (Full 2 Short 0)
22000853,2020-21 Regular Season,2021-04-16,Derrick Jones Jr.,Anfernee Simons,Jusuf Nurkic,CJ McCollum,Robert Covington,Keldon Johnson,DeMar DeRozan,Dejounte Murray,Drew Eubanks,Derrick White,2,46,48,0:02:58,0:09:02,0:00:00,190,SAS,substitution,,,,,Drew Eubanks,Jakob Poeltl,,,,Jakob Poeltl,,,,,,sub,,,,,,SUB: Eubanks FOR Poeltl
22000853,2020-21 Regular Season,2021-04-16,Derrick Jones Jr.,Norman Powell,Jusuf Nurkic,CJ McCollum,Robert Covington,Keldon Johnson,DeMar DeRozan,Dejounte Murray,Drew Eubanks,Derrick White,2,46,48,0:02:58,0:09:02,0:00:00,191,POR,substitution,,,,,Norman Powell,Anfernee Simons,,,,Anfernee Simons,,,,,,sub,,,,,,SUB: Powell FOR Simons
22000853,2020-21 Regular Season,2021-04-16,Derrick Jones Jr.,Norman Powell,Jusuf Nurkic,CJ McCollum,Robert Covington,Keldon Johnson,DeMar DeRozan,Dejounte Murray,Drew Eubanks,Derrick White,2,46,48,0:02:53,0:09:07,0:00:05,192,POR,shot,,,,,,,,,,Norman Powell,0,,,missed,,layup,1,5,-13,24.5,3.7,MISS Powell 1' Reverse Layup
22000853,2020-21 Regular Season,2021-04-16,Derrick Jones Jr.,Norman Powell,Jusuf Nurkic,CJ McCollum,Robert Covington,Keldon Johnson,DeMar DeRozan,Dejounte Murray,Drew Eubanks,Derrick White,2,46,48,0:02:50,0:09:10,0:00:03,193,SAS,rebound,,,,,,,,,,Drew Eubanks,,,,,,rebound defensive,,,,,,Eubanks REBOUND (Off:1 Def:1)
22000853,2020-21 Regular Season,2021-04-16,Derrick Jones Jr.,Norman Powell,Jusuf Nurkic,CJ McCollum,Robert Covington,Keldon Johnson,DeMar DeRozan,Dejounte Murray,Drew Eubanks,Derrick White,2,46,50,0:02:46,0:09:14,0:00:04,194,SAS,shot,DeMar DeRozan,,,,,,,,,Derrick White,2,,,made,,layup,0,-3,-4,24.7,89.4,White 1' Driving Finger Roll Layup (8 PTS) (DeRozan 5 AST)
22000853,2020-21 Regular Season,2021-04-16,Derrick Jones Jr.,Norman Powell,Jusuf Nurkic,CJ McCollum,Robert Covington,Keldon Johnson,DeMar DeRozan,Dejounte Murray,Drew Eubanks,Derrick White,2,46,50,0:02:36,0:09:24,0:00:10,195,POR,shot,,,,,,,,,,Derrick Jones Jr.,0,,,missed,,3pt jump shot,27,177,199,7.300000000000001,24.900000000000002,MISS Jones Jr. 27' 3PT Jump Shot
22000853,2020-21 Regular Season,2021-04-16,Derrick Jones Jr.,Norman Powell,Jusuf Nurkic,CJ McCollum,Robert Covington,Keldon Johnson,DeMar DeRozan,Dejounte Murray,Drew Eubanks,Derrick White,2,46,50,0:02:36,0:09:24,0:00:00,196,SAS,rebound,,,,,,,,,,Drew Eubanks,,,,,,rebound defensive,,,,,,Eubanks REBOUND (Off:1 Def:2)
22000853,2020-21 Regular Season,2021-04-16,Derrick Jones Jr.,Norman Powell,Jusuf Nurkic,CJ McCollum,Robert Covington,Keldon Johnson,DeMar DeRozan,Dejounte Murray,Drew Eubanks,Derrick White,2,46,52,0:02:15,0:09:45,0:00:21,197,SAS,shot,Dejounte Murray,,,,,,,,,Drew Eubanks,2,,,made,,jump shot,12,117,26,36.7,86.4,Eubanks 12' Jump Shot (11 PTS) (Murray 6 AST)
22000853,2020-21 Regular Season,2021-04-16,Derrick Jones Jr.,Norman Powell,Jusuf Nurkic,CJ McCollum,Robert Covington,Keldon Johnson,DeMar DeRozan,Dejounte Murray,Drew Eubanks,Derrick White,2,48,52,0:01:57,0:10:03,0:00:18,198,POR,shot,Derrick Jones Jr.,,,,,,,,,CJ McCollum,2,,,made,,jump shot,20,-200,-16,45.0,3.4,McCollum 20' Jump Shot (14 PTS) (Jones Jr. 1 AST)
22000853,2020-21 Regular Season,2021-04-16,Derrick Jones Jr.,Norman Powell,Jusuf Nurkic,CJ McCollum,Robert Covington,Keldon Johnson,DeMar DeRozan,Dejounte Murray,Drew Eubanks,Derrick White,2,48,52,0:01:38,0:10:22,0:00:19,199,SAS,shot,,,,Jusuf Nurkic,,,,,,Dejounte Murray,0,,,missed,,layup,2,-5,21,24.5,86.9,MISS Murray 2' Layup: Nurkic BLOCK (1 BLK)
22000853,2020-21 Regular Season,2021-04-16,Derrick Jones Jr.,Norman Powell,Jusuf Nurkic,CJ McCollum,Robert Covington,Keldon Johnson,DeMar DeRozan,Dejounte Murray,Drew Eubanks,Derrick White,2,48,52,0:01:35,0:10:25,0:00:03,200,POR,rebound,,,,,,,,,,Jusuf Nurkic,,,,,,rebound defensive,,,,,,Nurkic REBOUND (Off:1 Def:1)
22000853,2020-21 Regular Season,2021-04-16,Derrick Jones Jr.,Norman Powell,Jusuf Nurkic,CJ McCollum,Robert Covington,Keldon Johnson,DeMar DeRozan,Dejounte Murray,Drew Eubanks,Derrick White,2,48,52,0:01:26,0:10:34,0:00:09,201,POR,foul,,,,,,,,Drew Eubanks,,Jusuf Nurkic,,,,,,offensive,,,,,,Nurkic OFF.Foul (P2) (M.Smith)
22000853,2020-21 Regular Season,2021-04-16,Derrick Jones Jr.,Norman Powell,Jusuf Nurkic,CJ McCollum,Robert Covington,Keldon Johnson,DeMar DeRozan,Dejounte Murray,Drew Eubanks,Derrick White,2,48,52,0:01:26,0:10:34,0:00:00,202,POR,turnover,,,,,,,,,,Jusuf Nurkic,,,offensive foul turnover,,,offensive foul,,,,,,Nurkic Offensive Foul Turnover (P3.T7)
22000853,2020-21 Regular Season,2021-04-16,Derrick Jones Jr.,Norman Powell,Jusuf Nurkic,CJ McCollum,Robert Covington,Rudy Gay,DeMar DeRozan,Dejounte Murray,Drew Eubanks,Derrick White,2,48,52,0:01:26,0:10:34,0:00:00,203,SAS,substitution,,,,,Rudy Gay,Keldon Johnson,,,,Keldon Johnson,,,,,,sub,,,,,,SUB: Gay FOR Johnson
22000853,2020-21 Regular Season,2021-04-16,Derrick Jones Jr.,Norman Powell,Jusuf Nurkic,CJ McCollum,Robert Covington,Rudy Gay,DeMar DeRozan,Dejounte Murray,Drew Eubanks,Derrick White,2,48,55,0:01:12,0:10:48,0:00:14,204,SAS,shot,DeMar DeRozan,,,,,,,,,Rudy Gay,3,,,made,,3pt jump shot,26,-12,256,23.8,63.4,Gay 26' 3PT Jump Shot (5 PTS) (DeRozan 6 AST)
22000853,2020-21 Regular Season,2021-04-16,Derrick Jones Jr.,Norman Powell,Jusuf Nurkic,CJ McCollum,Robert Covington,Rudy Gay,DeMar DeRozan,Dejounte Murray,Drew Eubanks,Derrick White,2,48,55,0:00:52,0:11:08,0:00:20,205,POR,shot,,,,Derrick White,,,,,,CJ McCollum,0,,,missed,,driving layup,1,-2,11,25.2,6.1,White BLOCK (2 BLK): MISS McCollum 1' Driving Layup
22000853,2020-21 Regular Season,2021-04-16,Derrick Jones Jr.,Norman Powell,Jusuf Nurkic,CJ McCollum,Robert Covington,Rudy Gay,DeMar DeRozan,Dejounte Murray,Drew Eubanks,Derrick White,2,48,55,0:00:49,0:11:11,0:00:03,206,SAS,rebound,,,,,,,,,,Rudy Gay,,,,,,rebound defensive,,,,,,Gay REBOUND (Off:0 Def:3)
22000853,2020-21 Regular Season,2021-04-16,Derrick Jones Jr.,Norman Powell,Jusuf Nurkic,CJ McCollum,Robert Covington,Rudy Gay,DeMar DeRozan,Dejounte Murray,Drew Eubanks,Derrick White,2,48,55,0:00:43,0:11:17,0:00:06,207,SAS,shot,,,,,,,,,,DeMar DeRozan,0,,,missed,,driving floating jump shot,14,-142,25,10.799999999999999,86.5,MISS DeRozan 14' Driving Floating Jump Shot
22000853,2020-21 Regular Season,2021-04-16,Derrick Jones Jr.,Norman Powell,Jusuf Nurkic,CJ McCollum,Robert Covington,Rudy Gay,DeMar DeRozan,Dejounte Murray,Drew Eubanks,Derrick White,2,48,55,0:00:43,0:11:17,0:00:00,208,SAS,rebound,,,,,,,,,,,,,,,,rebound offensive,,,,,,SPURS Rebound
22000853,2020-21 Regular Season,2021-04-16,Derrick Jones Jr.,Norman Powell,Jusuf Nurkic,CJ McCollum,Robert Covington,Rudy Gay,DeMar DeRozan,Dejounte Murray,Drew Eubanks,Derrick White,2,48,55,0:00:43,0:11:17,0:00:00,209,POR,foul,,,,,,,,Derrick White,,CJ McCollum,,,l.b.foul,,,loose ball,,,,,,McCollum L.B.FOUL (P1.T3) (E.Lewis)
22000853,2020-21 Regular Season,2021-04-16,Derrick Jones Jr.,Norman Powell,Jusuf Nurkic,CJ McCollum,Robert Covington,Rudy Gay,DeMar DeRozan,Dejounte Murray,Drew Eubanks,Derrick White,2,48,55,0:00:36,0:11:24,0:00:07,210,SAS,shot,,,,Norman Powell,,,,,,Derrick White,0,,,missed,,layup,5,-43,29,20.7,86.1,MISS White 5' Layup: Powell BLOCK (1 BLK)
22000853,2020-21 Regular Season,2021-04-16,Derrick Jones Jr.,Norman Powell,Jusuf Nurkic,CJ McCollum,Robert Covington,Rudy Gay,DeMar DeRozan,Dejounte Murray,Drew Eubanks,Derrick White,2,48,55,0:00:36,0:11:24,0:00:00,211,SAS,rebound,,,,,,,,,,,,,,,,rebound offensive,,,,,,SPURS Rebound
22000853,2020-21 Regular Season,2021-04-16,Derrick Jones Jr.,Norman Powell,Jusuf Nurkic,CJ McCollum,Robert Covington,Rudy Gay,DeMar DeRozan,Dejounte Murray,Drew Eubanks,Derrick White,2,48,57,0:00:34,0:11:26,0:00:02,212,SAS,shot,Dejounte Murray,,,,,,,,,DeMar DeRozan,2,,,made,,jump shot,17,-164,26,8.599999999999998,86.4,DeRozan 17' Jump Shot (14 PTS) (Murray 7 AST)
22000853,2020-21 Regular Season,2021-04-16,Derrick Jones Jr.,Norman Powell,Jusuf Nurkic,CJ McCollum,Robert Covington,Rudy Gay,DeMar DeRozan,Dejounte Murray,Drew Eubanks,Derrick White,2,48,57,0:00:23,0:11:37,0:00:11,213,POR,turnover,,,,,,,,,,Norman Powell,,,bad pass,,Dejounte Murray,bad pass,,,,,,Murray STEAL (1 STL): Powell Bad Pass Turnover (P1.T8)
22000853,2020-21 Regular Season,2021-04-16,Derrick Jones Jr.,Norman Powell,Jusuf Nurkic,CJ McCollum,Robert Covington,Rudy Gay,DeMar DeRozan,Dejounte Murray,Drew Eubanks,Derrick White,2,48,57,0:00:00,0:12:00,0:00:23,214,SAS,shot,,,,,,,,,,DeMar DeRozan,0,,,missed,,floating jump shot,6,52,20,30.2,87.0,MISS DeRozan 6' Floating Jump Shot
22000853,2020-21 Regular Season,2021-04-16,Derrick Jones Jr.,Norman Powell,Jusuf Nurkic,CJ McCollum,Robert Covington,Rudy Gay,DeMar DeRozan,Dejounte Murray,Drew Eubanks,Derrick White,2,48,57,0:00:00,0:12:00,0:00:00,215,POR,rebound,,,,,,,,,,Jusuf Nurkic,,,,,,rebound defensive,,,,,,Nurkic REBOUND (Off:1 Def:2)
22000853,2020-21 Regular Season,2021-04-16,Derrick Jones Jr.,Norman Powell,Jusuf Nurkic,CJ McCollum,Robert Covington,Rudy Gay,DeMar DeRozan,Dejounte Murray,Drew Eubanks,Derrick White,2,48,57,0:00:00,0:12:00,0:00:00,216,,end of period,,,,,,,,,,,,,,,,end of period,,,,,,
22000853,2020-21 Regular Season,2021-04-16,Robert Covington,Norman Powell,Jusuf Nurkic,CJ McCollum,Derrick Jones Jr.,Keldon Johnson,Jakob Poeltl,DeMar DeRozan,Dejounte Murray,Derrick White,3,48,57,0:12:00,0:00:00,0:00:00,217,,start of period,,,,,,,,,,,,,,,,start of period,,,,,,
22000853,2020-21 Regular Season,2021-04-16,Robert Covington,Norman Powell,Jusuf Nurkic,CJ McCollum,Derrick Jones Jr.,Keldon Johnson,Jakob Poeltl,DeMar DeRozan,Dejounte Murray,Derrick White,3,48,57,0:11:42,0:00:18,0:00:18,218,SAS,shot,,,,Robert Covington,,,,,,Keldon Johnson,0,,,missed,,layup,7,54,47,30.4,84.3,MISS Johnson 7' Driving Finger Roll Layup: Covington BLOCK (1 BLK)
22000853,2020-21 Regular Season,2021-04-16,Robert Covington,Norman Powell,Jusuf Nurkic,CJ McCollum,Derrick Jones Jr.,Keldon Johnson,Jakob Poeltl,DeMar DeRozan,Dejounte Murray,Derrick White,3,48,57,0:11:42,0:00:18,0:00:00,219,SAS,rebound,,,,,,,,,,,,,,,,rebound offensive,,,,,,SPURS Rebound
22000853,2020-21 Regular Season,2021-04-16,Robert Covington,Norman Powell,Jusuf Nurkic,CJ McCollum,Derrick Jones Jr.,Keldon Johnson,Jakob Poeltl,DeMar DeRozan,Dejounte Murray,Derrick White,3,48,57,0:11:38,0:00:22,0:00:04,220,SAS,turnover,,,,,,,,,,Jakob Poeltl,,,,,Norman Powell,lost ball,,,,,,Poeltl Lost Ball Turnover (P1.T6): Powell STEAL (1 STL)
22000853,2020-21 Regular Season,2021-04-16,Robert Covington,Norman Powell,Jusuf Nurkic,CJ McCollum,Derrick Jones Jr.,Keldon Johnson,Jakob Poeltl,DeMar DeRozan,Dejounte Murray,Derrick White,3,48,57,0:11:33,0:00:27,0:00:05,221,POR,shot,,,,,,,,,,Norman Powell,0,,,missed,,layup,0,-1,4,25.1,5.4,MISS Powell Running Finger Roll Layup
22000853,2020-21 Regular Season,2021-04-16,Robert Covington,Norman Powell,Jusuf Nurkic,CJ McCollum,Derrick Jones Jr.,Keldon Johnson,Jakob Poeltl,DeMar DeRozan,Dejounte Murray,Derrick White,3,48,57,0:11:25,0:00:35,0:00:08,222,POR,rebound,,,,,,,,,,Jusuf Nurkic,,,,,,rebound offensive,,,,,,Nurkic REBOUND (Off:2 Def:2)
22000853,2020-21 Regular Season,2021-04-16,Robert Covington,Norman Powell,Jusuf Nurkic,CJ McCollum,Derrick Jones Jr.,Keldon Johnson,Jakob Poeltl,DeMar DeRozan,Dejounte Murray,Derrick White,3,50,57,0:11:25,0:00:35,0:00:00,223,POR,shot,,,,,,,,,,Jusuf Nurkic,2,,,made,,layup,0,0,0,25.0,5.0,Nurkic Tip Layup Shot (7 PTS)
22000853,2020-21 Regular Season,2021-04-16,Robert Covington,Norman Powell,Jusuf Nurkic,CJ McCollum,Derrick Jones Jr.,Keldon Johnson,Jakob Poeltl,DeMar DeRozan,Dejounte Murray,Derrick White,3,50,59,0:11:18,0:00:42,0:00:07,224,SAS,shot,Dejounte Murray,,,,,,,,,DeMar DeRozan,2,,,made,,jump shot,18,127,120,37.7,77.0,DeRozan 17' Pullup Jump Shot (16 PTS) (Murray 8 AST)
22000853,2020-21 Regular Season,2021-04-16,Robert Covington,Norman Powell,Jusuf Nurkic,CJ McCollum,Derrick Jones Jr.,Keldon Johnson,Jakob Poeltl,DeMar DeRozan,Dejounte Murray,Derrick White,3,50,59,0:10:59,0:01:01,0:00:19,225,POR,shot,,,,,,,,,,Robert Covington,0,,,missed,,3pt jump shot,27,-164,210,41.400000000000006,26.0,MISS Covington 27' 3PT Jump Shot
22000853,2020-21 Regular Season,2021-04-16,Robert Covington,Norman Powell,Jusuf Nurkic,CJ McCollum,Derrick Jones Jr.,Keldon Johnson,Jakob Poeltl,DeMar DeRozan,Dejounte Murray,Derrick White,3,50,59,0:10:55,0:01:05,0:00:04,226,SAS,rebound,,,,,,,,,,Keldon Johnson,,,,,,rebound defensive,,,,,,Johnson REBOUND (Off:2 Def:4)
22000853,2020-21 Regular Season,2021-04-16,Robert Covington,Norman Powell,Jusuf Nurkic,CJ McCollum,Derrick Jones Jr.,Keldon Johnson,Jakob Poeltl,DeMar DeRozan,Dejounte Murray,Derrick White,3,50,59,0:10:49,0:01:11,0:00:06,227,POR,violation,,,,,,,,,,Jusuf Nurkic,,,,,,kicked ball,,,,,,Nurkic Violation:Kicked Ball (J.Sterling)
22000853,2020-21 Regular Season,2021-04-16,Robert Covington,Norman Powell,Jusuf Nurkic,CJ McCollum,Derrick Jones Jr.,Keldon Johnson,Jakob Poeltl,DeMar DeRozan,Dejounte Murray,Derrick White,3,50,62,0:10:41,0:01:19,0:00:08,228,SAS,shot,DeMar DeRozan,,,,,,,,,Dejounte Murray,3,,,made,,3pt jump shot,24,-231,74,1.8999999999999986,81.6,Murray 24' 3PT Jump Shot (10 PTS) (DeRozan 7 AST)
22000853,2020-21 Regular Season,2021-04-16,Robert Covington,Norman Powell,Jusuf Nurkic,CJ McCollum,Derrick Jones Jr.,Keldon Johnson,Jakob Poeltl,DeMar DeRozan,Dejounte Murray,Derrick White,3,50,62,0:10:30,0:01:30,0:00:11,229,POR,shot,,,,Derrick White,,,,,,CJ McCollum,0,,,missed,,layup,4,26,27,22.4,7.7,White BLOCK (3 BLK): MISS McCollum 4' Driving Finger Roll Layup
22000853,2020-21 Regular Season,2021-04-16,Robert Covington,Norman Powell,Jusuf Nurkic,CJ McCollum,Derrick Jones Jr.,Keldon Johnson,Jakob Poeltl,DeMar DeRozan,Dejounte Murray,Derrick White,3,50,62,0:10:26,0:01:34,0:00:04,230,SAS,rebound,,,,,,,,,,Dejounte Murray,,,,,,rebound defensive,,,,,,Murray REBOUND (Off:1 Def:6)
22000853,2020-21 Regular Season,2021-04-16,Robert Covington,Norman Powell,Jusuf Nurkic,CJ McCollum,Derrick Jones Jr.,Keldon Johnson,Jakob Poeltl,DeMar DeRozan,Dejounte Murray,Derrick White,3,50,62,0:10:22,0:01:38,0:00:04,231,SAS,shot,,,,,,,,,,Dejounte Murray,0,,,missed,,fadeaway jumper,12,-124,4,12.6,88.6,MISS Murray 12' Fadeaway Jumper
22000853,2020-21 Regular Season,2021-04-16,Robert Covington,Norman Powell,Jusuf Nurkic,CJ McCollum,Derrick Jones Jr.,Keldon Johnson,Jakob Poeltl,DeMar DeRozan,Dejounte Murray,Derrick White,3,50,62,0:10:18,0:01:42,0:00:04,232,POR,rebound,,,,,,,,,,Jusuf Nurkic,,,,,,rebound defensive,,,,,,Nurkic REBOUND (Off:2 Def:3)
22000853,2020-21 Regular Season,2021-04-16,Robert Covington,Norman Powell,Jusuf Nurkic,CJ McCollum,Derrick Jones Jr.,Keldon Johnson,Jakob Poeltl,DeMar DeRozan,Dejounte Murray,Derrick White,3,50,62,0:10:08,0:01:52,0:00:10,233,POR,shot,,,,,,,,,,Jusuf Nurkic,0,,,missed,,hook shot,6,-43,49,29.3,9.9,MISS Nurkic 7' Turnaround Hook Shot
22000853,2020-21 Regular Season,2021-04-16,Robert Covington,Norman Powell,Jusuf Nurkic,CJ McCollum,Derrick Jones Jr.,Keldon Johnson,Jakob Poeltl,DeMar DeRozan,Dejounte Murray,Derrick White,3,50,62,0:10:05,0:01:55,0:00:03,234,SAS,rebound,,,,,,,,,,Keldon Johnson,,,,,,rebound defensive,,,,,,Johnson REBOUND (Off:2 Def:5)
22000853,2020-21 Regular Season,2021-04-16,Robert Covington,Norman Powell,Jusuf Nurkic,CJ McCollum,Derrick Jones Jr.,Keldon Johnson,Jakob Poeltl,DeMar DeRozan,Dejounte Murray,Derrick White,3,50,64,0:09:58,0:02:02,0:00:07,235,SAS,shot,Dejounte Murray,,,,,,,,,Jakob Poeltl,2,,,made,,floating jump shot,6,-31,48,21.9,84.2,Poeltl 6' Floating Jump Shot (6 PTS) (Murray 9 AST)
22000853,2020-21 Regular Season,2021-04-16,Robert Covington,Norman Powell,Jusuf Nurkic,CJ McCollum,Derrick Jones Jr.,Keldon Johnson,Jakob Poeltl,DeMar DeRozan,Dejounte Murray,Derrick White,3,50,64,0:09:44,0:02:16,0:00:14,236,POR,shot,,,,,,,,,,Norman Powell,0,,,missed,,jump shot,13,-56,116,30.6,16.6,MISS Powell 13' Pullup Jump Shot
22000853,2020-21 Regular Season,2021-04-16,Robert Covington,Norman Powell,Jusuf Nurkic,CJ McCollum,Derrick Jones Jr.,Keldon Johnson,Jakob Poeltl,DeMar DeRozan,Dejounte Murray,Derrick White,3,50,64,0:09:42,0:02:18,0:00:02,237,SAS,rebound,,,,,,,,,,Jakob Poeltl,,,,,,rebound defensive,,,,,,Poeltl REBOUND (Off:2 Def:1)
22000853,2020-21 Regular Season,2021-04-16,Robert Covington,Norman Powell,Jusuf Nurkic,CJ McCollum,Derrick Jones Jr.,Keldon Johnson,Jakob Poeltl,DeMar DeRozan,Dejounte Murray,Derrick White,3,50,66,0:09:26,0:02:34,0:00:16,238,SAS,shot,Dejounte Murray,,,,,,,,,Jakob Poeltl,2,,,made,,cutting finger roll layup shot,1,3,11,25.3,87.9,Poeltl 1' Cutting Finger Roll Layup Shot (8 PTS) (Murray 10 AST)
22000853,2020-21 Regular Season,2021-04-16,Robert Covington,Norman Powell,Jusuf Nurkic,CJ McCollum,Derrick Jones Jr.,Keldon Johnson,Jakob Poeltl,DeMar DeRozan,Dejounte Murray,Derrick White,3,50,66,0:09:26,0:02:34,0:00:00,239,POR,timeout,,,,,,,,,,,,,,,,timeout: regular,,,,,,Trail Blazers Timeout: Regular (Reg.3 Short 0)
22000853,2020-21 Regular Season,2021-04-16,Robert Covington,Norman Powell,Enes Kanter,CJ McCollum,Derrick Jones Jr.,Keldon Johnson,Jakob Poeltl,DeMar DeRozan,Dejounte Murray,Derrick White,3,50,66,0:09:26,0:02:34,0:00:00,240,POR,substitution,,,,,Enes Kanter,Jusuf Nurkic,,,,Jusuf Nurkic,,,,,,sub,,,,,,SUB: Kanter FOR Nurkic
22000853,2020-21 Regular Season,2021-04-16,Robert Covington,Norman Powell,Enes Kanter,CJ McCollum,Carmelo Anthony,Keldon Johnson,Jakob Poeltl,DeMar DeRozan,Dejounte Murray,Derrick White,3,50,66,0:09:26,0:02:34,0:00:00,241,POR,substitution,,,,,Carmelo Anthony,Derrick Jones Jr.,,,,Derrick Jones Jr.,,,,,,sub,,,,,,SUB: Anthony FOR Jones Jr.
22000853,2020-21 Regular Season,2021-04-16,Robert Covington,Norman Powell,Enes Kanter,CJ McCollum,Carmelo Anthony,Keldon Johnson,Jakob Poeltl,DeMar DeRozan,Dejounte Murray,Derrick White,3,50,66,0:09:13,0:02:47,0:00:13,242,POR,shot,,,,,,,,,,Norman Powell,0,,,missed,,3pt jump shot,23,-226,27,47.6,7.7,MISS Powell 3PT Jump Shot
22000853,2020-21 Regular Season,2021-04-16,Robert Covington,Norman Powell,Enes Kanter,CJ McCollum,Carmelo Anthony,Keldon Johnson,Jakob Poeltl,DeMar DeRozan,Dejounte Murray,Derrick White,3,50,66,0:09:08,0:02:52,0:00:05,243,SAS,rebound,,,,,,,,,,Keldon Johnson,,,,,,rebound defensive,,,,,,Johnson REBOUND (Off:2 Def:6)
22000853,2020-21 Regular Season,2021-04-16,Robert Covington,Norman Powell,Enes Kanter,CJ McCollum,Carmelo Anthony,Keldon Johnson,Jakob Poeltl,DeMar DeRozan,Dejounte Murray,Derrick White,3,50,66,0:09:01,0:02:59,0:00:07,244,SAS,shot,,,,,,,,,,DeMar DeRozan,0,,,missed,,jump shot,15,-22,145,22.8,74.5,MISS DeRozan 15' Pullup Jump Shot
22000853,2020-21 Regular Season,2021-04-16,Robert Covington,Norman Powell,Enes Kanter,CJ McCollum,Carmelo Anthony,Keldon Johnson,Jakob Poeltl,DeMar DeRozan,Dejounte Murray,Derrick White,3,50,66,0:08:55,0:03:05,0:00:06,245,POR,rebound,,,,,,,,,,Enes Kanter,,,,,,rebound defensive,,,,,,Kanter REBOUND (Off:1 Def:7)
22000853,2020-21 Regular Season,2021-04-16,Robert Covington,Norman Powell,Enes Kanter,CJ McCollum,Carmelo Anthony,Keldon Johnson,Jakob Poeltl,DeMar DeRozan,Dejounte Murray,Derrick White,3,53,66,0:08:50,0:03:10,0:00:05,246,POR,shot,CJ McCollum,,,,,,,,,Norman Powell,3,,,made,,3pt jump shot,27,-210,164,46.0,21.400000000000002,Powell 27' 3PT Jump Shot (9 PTS) (McCollum 3 AST)
22000853,2020-21 Regular Season,2021-04-16,Robert Covington,Norman Powell,Enes Kanter,CJ McCollum,Carmelo Anthony,Keldon Johnson,Jakob Poeltl,DeMar DeRozan,Dejounte Murray,Derrick White,3,53,66,0:08:28,0:03:32,0:00:22,247,SAS,shot,,,,,,,,,,DeMar DeRozan,0,,,missed,,3pt jump shot,23,-227,53,2.299999999999997,83.7,MISS DeRozan 3PT Jump Shot
22000853,2020-21 Regular Season,2021-04-16,Robert Covington,Norman Powell,Enes Kanter,CJ McCollum,Carmelo Anthony,Keldon Johnson,Jakob Poeltl,DeMar DeRozan,Dejounte Murray,Derrick White,3,53,66,0:08:25,0:03:35,0:00:03,248,POR,rebound,,,,,,,,,,CJ McCollum,,,,,,rebound defensive,,,,,,McCollum REBOUND (Off:0 Def:1)
22000853,2020-21 Regular Season,2021-04-16,Robert Covington,Norman Powell,Enes Kanter,CJ McCollum,Carmelo Anthony,Keldon Johnson,Jakob Poeltl,DeMar DeRozan,Dejounte Murray,Derrick White,3,55,66,0:08:14,0:03:46,0:00:11,249,POR,shot,Enes Kanter,,,,,,,,,CJ McCollum,2,,,made,,jump shot,16,-160,0,41.0,5.0,McCollum 16' Jump Shot (16 PTS) (Kanter 2 AST)
22000853,2020-21 Regular Season,2021-04-16,Robert Covington,Norman Powell,Enes Kanter,CJ McCollum,Carmelo Anthony,Keldon Johnson,Jakob Poeltl,DeMar DeRozan,Dejounte Murray,Derrick White,3,55,66,0:08:13,0:03:47,0:00:01,250,SAS,timeout,,,,,,,,,,,,,,,,timeout: regular,,,,,,SPURS Timeout: Regular (Full 3 Short 0)
22000853,2020-21 Regular Season,2021-04-16,Robert Covington,Norman Powell,Enes Kanter,CJ McCollum,Carmelo Anthony,Keldon Johnson,Jakob Poeltl,DeMar DeRozan,Dejounte Murray,Derrick White,3,55,66,0:08:13,0:03:47,0:00:00,251,POR,substitution,,,,,Carmelo Anthony,Derrick Jones Jr.,,,,Derrick Jones Jr.,,,,,,sub,,,,,,SUB: Anthony FOR Jones Jr.
22000853,2020-21 Regular Season,2021-04-16,Robert Covington,Norman Powell,Enes Kanter,CJ McCollum,Carmelo Anthony,Keldon Johnson,Jakob Poeltl,DeMar DeRozan,Dejounte Murray,Derrick White,3,55,66,0:08:01,0:03:59,0:00:12,252,SAS,shot,,,,,,,,,,DeMar DeRozan,0,,,missed,,driving floating jump shot,8,33,74,28.3,81.6,MISS DeRozan 8' Driving Floating Jump Shot
22000853,2020-21 Regular Season,2021-04-16,Robert Covington,Norman Powell,Enes Kanter,CJ McCollum,Carmelo Anthony,Keldon Johnson,Jakob Poeltl,DeMar DeRozan,Dejounte Murray,Derrick White,3,55,66,0:07:55,0:04:05,0:00:06,253,SAS,rebound,,,,,,,,,,Jakob Poeltl,,,,,,rebound offensive,,,,,,Poeltl REBOUND (Off:3 Def:1)
22000853,2020-21 Regular Season,2021-04-16,Robert Covington,Norman Powell,Enes Kanter,CJ McCollum,Carmelo Anthony,Keldon Johnson,Jakob Poeltl,DeMar DeRozan,Dejounte Murray,Derrick White,3,55,68,0:07:55,0:04:05,0:00:00,254,SAS,shot,,,,,,,,,,Jakob Poeltl,2,,,made,,layup,0,0,0,25.0,89.0,Poeltl Putback Layup (10 PTS)
22000853,2020-21 Regular Season,2021-04-16,Robert Covington,Norman Powell,Enes Kanter,CJ McCollum,Carmelo Anthony,Keldon Johnson,Jakob Poeltl,DeMar DeRozan,Dejounte Murray,Derrick White,3,55,68,0:07:42,0:04:18,0:00:13,255,SAS,foul,,,,,,,,Norman Powell,,Keldon Johnson,,,s.foul,,,shooting,,,,,,Johnson S.FOUL (P1.T1) (E.Lewis)
22000853,2020-21 Regular Season,2021-04-16,Robert Covington,Norman Powell,Enes Kanter,CJ McCollum,Carmelo Anthony,Keldon Johnson,Jakob Poeltl,DeMar DeRozan,Dejounte Murray,Derrick White,3,56,68,0:07:42,0:04:18,0:00:00,256,POR,free throw,,,,,,,1,,2,Norman Powell,1,,,made,,free throw 1/2,,,,,,Powell Free Throw 1 of 2 (10 PTS)
22000853,2020-21 Regular Season,2021-04-16,Robert Covington,Norman Powell,Enes Kanter,CJ McCollum,Carmelo Anthony,Keldon Johnson,Jakob Poeltl,DeMar DeRozan,Dejounte Murray,Derrick White,3,57,68,0:07:42,0:04:18,0:00:00,257,POR,free throw,,,,,,,2,,2,Norman Powell,1,,,made,,free throw 2/2,,,,,,Powell Free Throw 2 of 2 (11 PTS)
22000853,2020-21 Regular Season,2021-04-16,Robert Covington,Norman Powell,Enes Kanter,CJ McCollum,Carmelo Anthony,Keldon Johnson,Jakob Poeltl,DeMar DeRozan,Dejounte Murray,Derrick White,3,57,68,0:07:30,0:04:30,0:00:12,258,SAS,shot,,,,,,,,,,DeMar DeRozan,0,,,missed,,driving floating jump shot,5,-11,48,23.9,84.2,MISS DeRozan 5' Driving Floating Jump Shot
22000853,2020-21 Regular Season,2021-04-16,Robert Covington,Norman Powell,Enes Kanter,CJ McCollum,Carmelo Anthony,Keldon Johnson,Jakob Poeltl,DeMar DeRozan,Dejounte Murray,Derrick White,3,57,68,0:07:28,0:04:32,0:00:02,259,POR,rebound,,,,,,,,,,Enes Kanter,,,,,,rebound defensive,,,,,,Kanter REBOUND (Off:1 Def:8)
22000853,2020-21 Regular Season,2021-04-16,Robert Covington,Norman Powell,Enes Kanter,CJ McCollum,Carmelo Anthony,Keldon Johnson,Jakob Poeltl,DeMar DeRozan,Dejounte Murray,Derrick White,3,57,68,0:07:19,0:04:41,0:00:09,260,POR,shot,,,,,,,,,,Carmelo Anthony,0,,,missed,,jump shot,12,-68,97,31.8,14.700000000000001,MISS Anthony 12' Turnaround Jump Shot
22000853,2020-21 Regular Season,2021-04-16,Robert Covington,Norman Powell,Enes Kanter,CJ McCollum,Carmelo Anthony,Keldon Johnson,Jakob Poeltl,DeMar DeRozan,Dejounte Murray,Derrick White,3,57,68,0:07:14,0:04:46,0:00:05,261,SAS,rebound,,,,,,,,,,Derrick White,,,,,,rebound defensive,,,,,,White REBOUND (Off:0 Def:1)
22000853,2020-21 Regular Season,2021-04-16,Robert Covington,Norman Powell,Enes Kanter,CJ McCollum,Carmelo Anthony,Keldon Johnson,Jakob Poeltl,DeMar DeRozan,Dejounte Murray,Derrick White,3,57,68,0:07:10,0:04:50,0:00:04,262,SAS,turnover,,,,,,,,,,Dejounte Murray,,,bad pass,,,bad pass,,,,,,Murray Out of Bounds - Bad Pass Turnover Turnover (P3.T7)
22000853,2020-21 Regular Season,2021-04-16,Robert Covington,Norman Powell,Enes Kanter,CJ McCollum,Carmelo Anthony,Keldon Johnson,Jakob Poeltl,DeMar DeRozan,Dejounte Murray,Derrick White,3,57,68,0:06:55,0:05:05,0:00:15,263,SAS,foul,,,,,,,,Norman Powell,,Keldon Johnson,,,p.foul,,,personal,,,,,,Johnson P.FOUL (P2.T2) (J.Sterling)
22000853,2020-21 Regular Season,2021-04-16,Robert Covington,Norman Powell,Enes Kanter,CJ McCollum,Carmelo Anthony,Keldon Johnson,Jakob Poeltl,DeMar DeRozan,Dejounte Murray,Derrick White,3,59,68,0:06:49,0:05:11,0:00:06,264,POR,shot,Norman Powell,,,,,,,,,CJ McCollum,2,,,made,,driving layup,1,-5,6,25.5,5.6,McCollum 1' Driving Layup (18 PTS) (Powell 3 AST)
22000853,2020-21 Regular Season,2021-04-16,Robert Covington,Norman Powell,Enes Kanter,CJ McCollum,Carmelo Anthony,Keldon Johnson,Jakob Poeltl,DeMar DeRozan,Dejounte Murray,Derrick White,3,59,68,0:06:25,0:05:35,0:00:24,265,SAS,shot,,,,,,,,,,Dejounte Murray,0,,,missed,,jump shot,18,60,167,31.0,72.3,MISS Murray 18' Jump Shot
22000853,2020-21 Regular Season,2021-04-16,Robert Covington,Norman Powell,Enes Kanter,CJ McCollum,Carmelo Anthony,Keldon Johnson,Jakob Poeltl,DeMar DeRozan,Dejounte Murray,Derrick White,3,59,68,0:06:25,0:05:35,0:00:00,266,SAS,rebound,,,,,,,,,,Keldon Johnson,,,,,,rebound offensive,,,,,,Johnson REBOUND (Off:3 Def:6)
22000853,2020-21 Regular Season,2021-04-16,Robert Covington,Norman Powell,Enes Kanter,CJ McCollum,Carmelo Anthony,Keldon Johnson,Jakob Poeltl,DeMar DeRozan,Dejounte Murray,Derrick White,3,59,70,0:06:20,0:05:40,0:00:05,267,SAS,shot,,,,,,,,,,Keldon Johnson,2,,,made,,layup,0,0,0,25.0,89.0,Johnson Tip Layup Shot (8 PTS)
22000853,2020-21 Regular Season,2021-04-16,Robert Covington,Norman Powell,Enes Kanter,CJ McCollum,Carmelo Anthony,Keldon Johnson,Jakob Poeltl,DeMar DeRozan,Dejounte Murray,Derrick White,3,59,70,0:06:02,0:05:58,0:00:18,268,POR,shot,,,,,,,,,,CJ McCollum,0,,,missed,,3pt pullup jump shot,25,18,249,23.2,29.900000000000002,MISS McCollum 25' 3PT Pullup Jump Shot
22000853,2020-21 Regular Season,2021-04-16,Robert Covington,Norman Powell,Enes Kanter,CJ McCollum,Carmelo Anthony,Keldon Johnson,Jakob Poeltl,DeMar DeRozan,Dejounte Murray,Derrick White,3,59,70,0:06:02,0:05:58,0:00:00,269,SAS,rebound,,,,,,,,,,Keldon Johnson,,,,,,rebound defensive,,,,,,Johnson REBOUND (Off:3 Def:7)
22000853,2020-21 Regular Season,2021-04-16,Robert Covington,Norman Powell,Enes Kanter,CJ McCollum,Carmelo Anthony,Keldon Johnson,Jakob Poeltl,DeMar DeRozan,Dejounte Murray,Derrick White,3,59,72,0:05:47,0:06:13,0:00:15,270,SAS,shot,Derrick White,,,,,,,,,Jakob Poeltl,2,,,made,,cutting finger roll layup shot,1,-3,5,24.7,88.5,Poeltl 1' Cutting Finger Roll Layup Shot (12 PTS) (White 2 AST)
22000853,2020-21 Regular Season,2021-04-16,Robert Covington,Norman Powell,Enes Kanter,CJ McCollum,Carmelo Anthony,Keldon Johnson,Jakob Poeltl,DeMar DeRozan,Dejounte Murray,Derrick White,3,59,72,0:05:47,0:06:13,0:00:00,271,POR,foul,,,,,,,,Jakob Poeltl,,Enes Kanter,,,s.foul,,,shooting,,,,,,Kanter S.FOUL (P1.T1) (J.Sterling)
22000853,2020-21 Regular Season,2021-04-16,Robert Covington,Norman Powell,Enes Kanter,CJ McCollum,Carmelo Anthony,Keldon Johnson,Jakob Poeltl,DeMar DeRozan,Patty Mills,Derrick White,3,59,72,0:05:47,0:06:13,0:00:00,272,SAS,substitution,,,,,Patty Mills,Dejounte Murray,,,,Dejounte Murray,,,,,,sub,,,,,,SUB: Mills FOR Murray
22000853,2020-21 Regular Season,2021-04-16,Robert Covington,Norman Powell,Enes Kanter,CJ McCollum,Carmelo Anthony,Keldon Johnson,Jakob Poeltl,DeMar DeRozan,Dejounte Murray,Derrick White,3,59,73,0:05:47,0:06:13,0:00:00,273,SAS,free throw,,,,,,,1,,1,Jakob Poeltl,1,,,made,,free throw 1/1,,,,,,Poeltl Free Throw 1 of 1 (13 PTS)
22000853,2020-21 Regular Season,2021-04-16,Robert Covington,Norman Powell,Enes Kanter,CJ McCollum,Carmelo Anthony,Keldon Johnson,Jakob Poeltl,DeMar DeRozan,Patty Mills,Derrick White,3,59,73,0:05:35,0:06:25,0:00:12,274,POR,foul,,,,,,,,Patty Mills,,Enes Kanter,,,,,,offensive,,,,,,Kanter OFF.Foul (P2) (M.Smith)
22000853,2020-21 Regular Season,2021-04-16,Robert Covington,Norman Powell,Enes Kanter,CJ McCollum,Carmelo Anthony,Keldon Johnson,Jakob Poeltl,DeMar DeRozan,Patty Mills,Derrick White,3,59,73,0:05:35,0:06:25,0:00:00,275,POR,turnover,,,,,,,,,,Enes Kanter,,,offensive foul turnover,,,offensive foul,,,,,,Kanter Offensive Foul Turnover (P1.T9)
22000853,2020-21 Regular Season,2021-04-16,Robert Covington,Norman Powell,Enes Kanter,CJ McCollum,Carmelo Anthony,Keldon Johnson,Jakob Poeltl,DeMar DeRozan,Patty Mills,Derrick White,3,59,75,0:05:27,0:06:33,0:00:08,276,SAS,shot,,,,,,,,,,DeMar DeRozan,2,,,made,,jump shot,14,-62,120,18.8,77.0,DeRozan 14' Pullup Jump Shot (18 PTS)
22000853,2020-21 Regular Season,2021-04-16,Robert Covington,Norman Powell,Enes Kanter,CJ McCollum,Carmelo Anthony,Keldon Johnson,Jakob Poeltl,DeMar DeRozan,Patty Mills,Derrick White,3,62,75,0:05:14,0:06:46,0:00:13,277,POR,shot,Norman Powell,,,,,,,,,Robert Covington,3,,,made,,3pt jump shot,28,27,274,22.3,32.400000000000006,Covington 28' 3PT Jump Shot (5 PTS) (Powell 4 AST)
22000853,2020-21 Regular Season,2021-04-16,Robert Covington,Norman Powell,Enes Kanter,CJ McCollum,Carmelo Anthony,Keldon Johnson,Jakob Poeltl,DeMar DeRozan,Patty Mills,Derrick White,3,62,77,0:04:56,0:07:04,0:00:18,278,SAS,shot,DeMar DeRozan,,,,,,,,,Jakob Poeltl,2,,,made,,floating jump shot,8,18,77,26.8,81.3,Poeltl 8' Floating Jump Shot (15 PTS) (DeRozan 8 AST)
22000853,2020-21 Regular Season,2021-04-16,Robert Covington,Norman Powell,Enes Kanter,CJ McCollum,Carmelo Anthony,Keldon Johnson,Jakob Poeltl,DeMar DeRozan,Patty Mills,Derrick White,3,62,77,0:04:43,0:07:17,0:00:13,279,SAS,foul,,,,,,,,Carmelo Anthony,,Keldon Johnson,,,s.foul,,,shooting,,,,,,Johnson S.FOUL (P3.T3) (M.Smith)
22000853,2020-21 Regular Season,2021-04-16,Robert Covington,Norman Powell,Enes Kanter,CJ McCollum,Carmelo Anthony,Keldon Johnson,Jakob Poeltl,DeMar DeRozan,Patty Mills,Derrick White,3,63,77,0:04:43,0:07:17,0:00:00,280,POR,free throw,,,,,,,1,,2,Carmelo Anthony,1,,,made,,free throw 1/2,,,,,,Anthony Free Throw 1 of 2 (7 PTS)
22000853,2020-21 Regular Season,2021-04-16,Robert Covington,Norman Powell,Enes Kanter,CJ McCollum,Carmelo Anthony,Keldon Johnson,Drew Eubanks,DeMar DeRozan,Patty Mills,Derrick White,3,63,77,0:04:43,0:07:17,0:00:00,281,SAS,substitution,,,,,Drew Eubanks,Jakob Poeltl,,,,Jakob Poeltl,,,,,,sub,,,,,,SUB: Eubanks FOR Poeltl
22000853,2020-21 Regular Season,2021-04-16,Robert Covington,Norman Powell,Enes Kanter,CJ McCollum,Carmelo Anthony,Keldon Johnson,Jakob Poeltl,DeMar DeRozan,Patty Mills,Derrick White,3,64,77,0:04:43,0:07:17,0:00:00,282,POR,free throw,,,,,,,2,,2,Carmelo Anthony,1,,,made,,free throw 2/2,,,,,,Anthony Free Throw 2 of 2 (8 PTS)
22000853,2020-21 Regular Season,2021-04-16,Robert Covington,Norman Powell,Enes Kanter,CJ McCollum,Carmelo Anthony,Keldon Johnson,Drew Eubanks,DeMar DeRozan,Patty Mills,Derrick White,3,64,77,0:04:28,0:07:32,0:00:15,283,SAS,shot,,,,,,,,,,Patty Mills,0,,,missed,,3pt jump shot,25,-68,245,18.2,64.5,MISS Mills 25' 3PT Jump Shot
22000853,2020-21 Regular Season,2021-04-16,Robert Covington,Norman Powell,Enes Kanter,CJ McCollum,Carmelo Anthony,Keldon Johnson,Drew Eubanks,DeMar DeRozan,Patty Mills,Derrick White,3,64,77,0:04:25,0:07:35,0:00:03,284,POR,rebound,,,,,,,,,,Robert Covington,,,,,,rebound defensive,,,,,,Covington REBOUND (Off:1 Def:3)
22000853,2020-21 Regular Season,2021-04-16,Robert Covington,Norman Powell,Enes Kanter,CJ McCollum,Carmelo Anthony,Keldon Johnson,Drew Eubanks,DeMar DeRozan,Patty Mills,Derrick White,3,66,77,0:04:20,0:07:40,0:00:05,285,POR,shot,,,,,,,,,,CJ McCollum,2,,,made,,driving floating jump shot,8,-27,71,27.7,12.100000000000001,McCollum 8' Driving Floating Jump Shot (20 PTS)
22000853,2020-21 Regular Season,2021-04-16,Robert Covington,Norman Powell,Enes Kanter,CJ McCollum,Carmelo Anthony,Keldon Johnson,Drew Eubanks,DeMar DeRozan,Patty Mills,Derrick White,3,66,77,0:04:20,0:07:40,0:00:00,286,SAS,foul,,,,,,,,CJ McCollum,,Derrick White,,,s.foul,,,shooting,,,,,,White S.FOUL (P1.T4) (M.Smith)
22000853,2020-21 Regular Season,2021-04-16,Robert Covington,Norman Powell,Enes Kanter,CJ McCollum,Carmelo Anthony,Rudy Gay,Drew Eubanks,DeMar DeRozan,Patty Mills,Derrick White,3,66,77,0:04:20,0:07:40,0:00:00,287,SAS,substitution,,,,,Rudy Gay,Keldon Johnson,,,,Keldon Johnson,,,,,,sub,,,,,,SUB: Gay FOR Johnson
22000853,2020-21 Regular Season,2021-04-16,Anfernee Simons,Norman Powell,Enes Kanter,CJ McCollum,Carmelo Anthony,Rudy Gay,Drew Eubanks,DeMar DeRozan,Patty Mills,Derrick White,3,66,77,0:04:20,0:07:40,0:00:00,288,POR,substitution,,,,,Anfernee Simons,Robert Covington,,,,Robert Covington,,,,,,sub,,,,,,SUB: Simons FOR Covington
22000853,2020-21 Regular Season,2021-04-16,Robert Covington,Norman Powell,Enes Kanter,CJ McCollum,Carmelo Anthony,Keldon Johnson,Drew Eubanks,DeMar DeRozan,Patty Mills,Derrick White,3,66,77,0:04:20,0:07:40,0:00:00,289,POR,free throw,,,,,,,1,,1,CJ McCollum,0,,,missed,,free throw 1/1,,,,,,MISS McCollum Free Throw 1 of 1
22000853,2020-21 Regular Season,2021-04-16,Anfernee Simons,Norman Powell,Enes Kanter,CJ McCollum,Carmelo Anthony,Rudy Gay,Drew Eubanks,DeMar DeRozan,Patty Mills,Derrick White,3,66,77,0:04:20,0:07:40,0:00:00,290,POR,rebound,,,,,,,,,,,,,,,,rebound offensive,,,,,,Trail Blazers Rebound
22000853,2020-21 Regular Season,2021-04-16,Anfernee Simons,Norman Powell,Enes Kanter,CJ McCollum,Carmelo Anthony,Rudy Gay,Drew Eubanks,DeMar DeRozan,Patty Mills,Derrick White,3,66,77,0:04:09,0:07:51,0:00:11,291,POR,turnover,,,,,,,,,,Norman Powell,,,bad pass,,DeMar DeRozan,bad pass,,,,,,DeRozan STEAL (1 STL): Powell Bad Pass Turnover (P2.T10)
22000853,2020-21 Regular Season,2021-04-16,Anfernee Simons,Norman Powell,Enes Kanter,CJ McCollum,Carmelo Anthony,Rudy Gay,Drew Eubanks,DeMar DeRozan,Patty Mills,Derrick White,3,66,77,0:04:05,0:07:55,0:00:04,292,SAS,shot,,,,,,,,,,Derrick White,0,,,missed,,3pt jump shot,23,229,21,47.900000000000006,86.9,MISS White 3PT Jump Shot
22000853,2020-21 Regular Season,2021-04-16,Anfernee Simons,Norman Powell,Enes Kanter,CJ McCollum,Carmelo Anthony,Rudy Gay,Drew Eubanks,DeMar DeRozan,Patty Mills,Derrick White,3,66,77,0:04:02,0:07:58,0:00:03,293,POR,rebound,,,,,,,,,,Enes Kanter,,,,,,rebound defensive,,,,,,Kanter REBOUND (Off:1 Def:9)
22000853,2020-21 Regular Season,2021-04-16,Anfernee Simons,Norman Powell,Enes Kanter,CJ McCollum,Carmelo Anthony,Rudy Gay,Drew Eubanks,DeMar DeRozan,Patty Mills,Derrick White,3,69,77,0:03:56,0:08:04,0:00:06,294,POR,shot,,,,,,,,,,Carmelo Anthony,3,,,made,,3pt pullup jump shot,25,106,231,14.399999999999999,28.1,Anthony 25' 3PT Pullup Jump Shot (11 PTS)
22000853,2020-21 Regular Season,2021-04-16,Anfernee Simons,Norman Powell,Enes Kanter,CJ McCollum,Carmelo Anthony,Rudy Gay,Drew Eubanks,DeMar DeRozan,Patty Mills,Derrick White,3,69,77,0:03:37,0:08:23,0:00:19,295,POR,foul,,,,,,,,Derrick White,,Norman Powell,,,s.foul,,,shooting,,,,,,Powell S.FOUL (P2.T2) (M.Smith)
22000853,2020-21 Regular Season,2021-04-16,Anfernee Simons,Norman Powell,Enes Kanter,CJ McCollum,Carmelo Anthony,Rudy Gay,Drew Eubanks,DeMar DeRozan,Patty Mills,Derrick White,3,69,78,0:03:37,0:08:23,0:00:00,296,SAS,free throw,,,,,,,1,,2,Derrick White,1,,,made,,free throw 1/2,,,,,,White Free Throw 1 of 2 (9 PTS)
22000853,2020-21 Regular Season,2021-04-16,Anfernee Simons,Norman Powell,Enes Kanter,CJ McCollum,Carmelo Anthony,Rudy Gay,Drew Eubanks,DeMar DeRozan,Patty Mills,Derrick White,3,69,79,0:03:37,0:08:23,0:00:00,297,SAS,free throw,,,,,,,2,,2,Derrick White,1,,,made,,free throw 2/2,,,,,,White Free Throw 2 of 2 (10 PTS)
22000853,2020-21 Regular Season,2021-04-16,Anfernee Simons,Norman Powell,Enes Kanter,CJ McCollum,Carmelo Anthony,Rudy Gay,Drew Eubanks,DeMar DeRozan,Patty Mills,Derrick White,3,72,79,0:03:14,0:08:46,0:00:23,298,POR,shot,CJ McCollum,,,,,,,,,Anfernee Simons,3,,,made,,3pt jump shot,24,215,116,3.5,16.6,Simons 24' 3PT Jump Shot (12 PTS) (McCollum 4 AST)
22000853,2020-21 Regular Season,2021-04-16,Anfernee Simons,Norman Powell,Enes Kanter,CJ McCollum,Carmelo Anthony,Rudy Gay,Drew Eubanks,DeMar DeRozan,Patty Mills,Derrick White,3,72,79,0:02:58,0:09:02,0:00:16,299,SAS,shot,,,,Anfernee Simons,,,,,,Derrick White,0,,,missed,,layup,5,44,27,29.4,86.3,MISS White 5' Layup: Simons BLOCK (1 BLK)
22000853,2020-21 Regular Season,2021-04-16,Anfernee Simons,Norman Powell,Enes Kanter,CJ McCollum,Carmelo Anthony,Rudy Gay,Drew Eubanks,DeMar DeRozan,Patty Mills,Derrick White,3,72,79,0:02:55,0:09:05,0:00:03,300,POR,rebound,,,,,,,,,,CJ McCollum,,,,,,rebound defensive,,,,,,McCollum REBOUND (Off:0 Def:2)
22000853,2020-21 Regular Season,2021-04-16,Anfernee Simons,Norman Powell,Enes Kanter,CJ McCollum,Carmelo Anthony,Rudy Gay,Drew Eubanks,DeMar DeRozan,Patty Mills,Derrick White,3,74,79,0:02:54,0:09:06,0:00:01,301,POR,shot,,,,,,,,,,CJ McCollum,2,,,made,,driving reverse layup,1,3,5,24.7,5.5,McCollum 1' Driving Reverse Layup (22 PTS)
22000853,2020-21 Regular Season,2021-04-16,Anfernee Simons,Norman Powell,Enes Kanter,CJ McCollum,Carmelo Anthony,Rudy Gay,Drew Eubanks,DeMar DeRozan,Patty Mills,Derrick White,3,74,79,0:02:54,0:09:06,0:00:00,302,SAS,foul,,,,,,,,CJ McCollum,,DeMar DeRozan,,,s.foul,,,shooting,,,,,,DeRozan S.FOUL (P2.PN) (M.Smith)
22000853,2020-21 Regular Season,2021-04-16,Anfernee Simons,Norman Powell,Enes Kanter,CJ McCollum,Carmelo Anthony,Rudy Gay,Drew Eubanks,DeMar DeRozan,Patty Mills,Lonnie Walker IV,3,74,79,0:02:54,0:09:06,0:00:00,303,SAS,substitution,,,,,Lonnie Walker IV,Derrick White,,,,Derrick White,,,,,,sub,,,,,,SUB: Walker IV FOR White
22000853,2020-21 Regular Season,2021-04-16,Anfernee Simons,Norman Powell,Enes Kanter,CJ McCollum,Carmelo Anthony,Rudy Gay,Drew Eubanks,DeMar DeRozan,Patty Mills,Derrick White,3,75,79,0:02:54,0:09:06,0:00:00,304,POR,free throw,,,,,,,1,,1,CJ McCollum,1,,,made,,free throw 1/1,,,,,,McCollum Free Throw 1 of 1 (23 PTS)
22000853,2020-21 Regular Season,2021-04-16,Anfernee Simons,Norman Powell,Enes Kanter,CJ McCollum,Carmelo Anthony,Rudy Gay,Drew Eubanks,DeMar DeRozan,Patty Mills,Lonnie Walker IV,3,75,81,0:02:41,0:09:19,0:00:13,305,SAS,shot,DeMar DeRozan,,,,,,,,,Rudy Gay,2,,,made,,jump shot,16,-2,158,24.8,73.2,Gay 16' Pullup Jump Shot (7 PTS) (DeRozan 9 AST)
22000853,2020-21 Regular Season,2021-04-16,Anfernee Simons,Norman Powell,Enes Kanter,CJ McCollum,Carmelo Anthony,Rudy Gay,Drew Eubanks,DeMar DeRozan,Patty Mills,Lonnie Walker IV,3,75,81,0:02:30,0:09:30,0:00:11,306,POR,shot,,,,,,,,,,CJ McCollum,0,,,missed,,layup,2,-7,13,25.7,6.3,MISS McCollum 1' Layup
22000853,2020-21 Regular Season,2021-04-16,Anfernee Simons,Norman Powell,Enes Kanter,CJ McCollum,Carmelo Anthony,Rudy Gay,Drew Eubanks,DeMar DeRozan,Patty Mills,Lonnie Walker IV,3,75,81,0:02:28,0:09:32,0:00:02,307,POR,rebound,,,,,,,,,,Enes Kanter,,,,,,rebound offensive,,,,,,Kanter REBOUND (Off:2 Def:9)
22000853,2020-21 Regular Season,2021-04-16,Anfernee Simons,Norman Powell,Enes Kanter,CJ McCollum,Carmelo Anthony,Rudy Gay,Drew Eubanks,DeMar DeRozan,Patty Mills,Lonnie Walker IV,3,75,81,0:02:26,0:09:34,0:00:02,308,POR,shot,,,,Rudy Gay,,,,,,Enes Kanter,0,,,missed,,layup,7,-32,60,28.2,11.0,Gay BLOCK (2 BLK): MISS Kanter 7' Layup
22000853,2020-21 Regular Season,2021-04-16,Anfernee Simons,Norman Powell,Enes Kanter,CJ McCollum,Carmelo Anthony,Rudy Gay,Drew Eubanks,DeMar DeRozan,Patty Mills,Lonnie Walker IV,3,75,81,0:02:26,0:09:34,0:00:00,309,POR,rebound,,,,,,,,,,Enes Kanter,,,,,,rebound offensive,,,,,,Kanter REBOUND (Off:3 Def:9)
22000853,2020-21 Regular Season,2021-04-16,Anfernee Simons,Norman Powell,Enes Kanter,CJ McCollum,Carmelo Anthony,Rudy Gay,Drew Eubanks,DeMar DeRozan,Patty Mills,Lonnie Walker IV,3,75,81,0:02:26,0:09:34,0:00:00,310,SAS,foul,,,,,,,,Enes Kanter,,DeMar DeRozan,,,s.foul,,,shooting,,,,,,DeRozan S.FOUL (P3.PN) (M.Smith)
22000853,2020-21 Regular Season,2021-04-16,Anfernee Simons,Norman Powell,Enes Kanter,CJ McCollum,Carmelo Anthony,Rudy Gay,Drew Eubanks,DeMar DeRozan,Patty Mills,Lonnie Walker IV,3,75,81,0:02:26,0:09:34,0:00:00,311,SAS,technical foul,,,,,,,,Enes Kanter,,DeMar DeRozan,,,,,,double technical,,,,,,
22000853,2020-21 Regular Season,2021-04-16,Anfernee Simons,Norman Powell,Enes Kanter,CJ McCollum,Carmelo Anthony,Rudy Gay,Drew Eubanks,DeMar DeRozan,Patty Mills,Lonnie Walker IV,3,76,81,0:02:26,0:09:34,0:00:00,312,POR,free throw,,,,,,,1,,2,Enes Kanter,1,,,made,,free throw 1/2,,,,,,Kanter Free Throw 1 of 2 (7 PTS)
22000853,2020-21 Regular Season,2021-04-16,Anfernee Simons,Norman Powell,Enes Kanter,Nassir Little,Carmelo Anthony,Rudy Gay,Drew Eubanks,DeMar DeRozan,Patty Mills,Lonnie Walker IV,3,76,81,0:02:26,0:09:34,0:00:00,313,POR,substitution,,,,,Nassir Little,CJ McCollum,,,,CJ McCollum,,,,,,sub,,,,,,SUB: Little FOR McCollum
22000853,2020-21 Regular Season,2021-04-16,Anfernee Simons,Norman Powell,Enes Kanter,CJ McCollum,Carmelo Anthony,Rudy Gay,Drew Eubanks,DeMar DeRozan,Patty Mills,Lonnie Walker IV,3,77,81,0:02:26,0:09:34,0:00:00,314,POR,free throw,,,,,,,2,,2,Enes Kanter,1,,,made,,free throw 2/2,,,,,,Kanter Free Throw 2 of 2 (8 PTS)
22000853,2020-21 Regular Season,2021-04-16,Anfernee Simons,Norman Powell,Enes Kanter,Nassir Little,Carmelo Anthony,Rudy Gay,Drew Eubanks,DeMar DeRozan,Patty Mills,Lonnie Walker IV,3,77,83,0:02:14,0:09:46,0:00:12,315,SAS,shot,DeMar DeRozan,,,,,,,,,Drew Eubanks,2,,,made,,driving dunk,1,-2,10,24.8,88.0,Eubanks 1' Driving Dunk (13 PTS) (DeRozan 10 AST)
22000853,2020-21 Regular Season,2021-04-16,Anfernee Simons,Norman Powell,Enes Kanter,Nassir Little,Carmelo Anthony,Rudy Gay,Drew Eubanks,DeMar DeRozan,Patty Mills,Lonnie Walker IV,3,77,83,0:01:57,0:10:03,0:00:17,316,SAS,foul,,,,,,,,Anfernee Simons,,Drew Eubanks,,,s.foul,,,shooting,,,,,,Eubanks S.FOUL (P2.PN) (E.Lewis)
22000853,2020-21 Regular Season,2021-04-16,Anfernee Simons,Norman Powell,Enes Kanter,Nassir Little,Carmelo Anthony,Rudy Gay,Drew Eubanks,DeMar DeRozan,Patty Mills,Lonnie Walker IV,3,78,83,0:01:57,0:10:03,0:00:00,317,POR,free throw,,,,,,,1,,2,Anfernee Simons,1,,,made,,free throw 1/2,,,,,,Simons Free Throw 1 of 2 (13 PTS)
22000853,2020-21 Regular Season,2021-04-16,Anfernee Simons,Norman Powell,Enes Kanter,Nassir Little,Carmelo Anthony,Rudy Gay,Drew Eubanks,DeMar DeRozan,Patty Mills,Lonnie Walker IV,3,79,83,0:01:57,0:10:03,0:00:00,318,POR,free throw,,,,,,,2,,2,Anfernee Simons,1,,,made,,free throw 2/2,,,,,,Simons Free Throw 2 of 2 (14 PTS)
22000853,2020-21 Regular Season,2021-04-16,Anfernee Simons,Norman Powell,Enes Kanter,Nassir Little,Carmelo Anthony,Rudy Gay,Drew Eubanks,DeMar DeRozan,Patty Mills,Lonnie Walker IV,3,79,83,0:01:36,0:10:24,0:00:21,319,SAS,shot,,,,,,,,,,Patty Mills,0,,,missed,,jump shot,23,-69,216,18.1,67.4,MISS Mills 23' Pullup Jump Shot
22000853,2020-21 Regular Season,2021-04-16,Anfernee Simons,Norman Powell,Enes Kanter,Nassir Little,Carmelo Anthony,Rudy Gay,Drew Eubanks,DeMar DeRozan,Patty Mills,Lonnie Walker IV,3,79,83,0:01:34,0:10:26,0:00:02,320,SAS,rebound,,,,,,,,,,Drew Eubanks,,,,,,rebound offensive,,,,,,Eubanks REBOUND (Off:2 Def:2)
22000853,2020-21 Regular Season,2021-04-16,Anfernee Simons,Norman Powell,Enes Kanter,Nassir Little,Carmelo Anthony,Rudy Gay,Drew Eubanks,DeMar DeRozan,Patty Mills,Lonnie Walker IV,3,79,85,0:01:34,0:10:26,0:00:00,321,SAS,shot,,,,,,,,,,Drew Eubanks,2,,,made,,dunk,0,0,0,25.0,89.0,Eubanks Tip Dunk Shot (15 PTS)
22000853,2020-21 Regular Season,2021-04-16,Anfernee Simons,Norman Powell,Enes Kanter,Nassir Little,Carmelo Anthony,Rudy Gay,Drew Eubanks,DeMar DeRozan,Patty Mills,Lonnie Walker IV,3,81,85,0:01:20,0:10:40,0:00:14,322,POR,shot,Anfernee Simons,,,,,,,,,Carmelo Anthony,2,,,made,,jump shot,13,129,-3,12.1,4.7,Anthony 13' Jump Shot (13 PTS) (Simons 2 AST)
22000853,2020-21 Regular Season,2021-04-16,Anfernee Simons,Norman Powell,Enes Kanter,Nassir Little,Carmelo Anthony,Rudy Gay,Drew Eubanks,DeMar DeRozan,Patty Mills,Lonnie Walker IV,3,81,85,0:00:54,0:11:06,0:00:26,323,SAS,shot,,,,,,,,,,Patty Mills,0,,,missed,,3pt jump shot,26,19,256,26.9,63.4,MISS Mills 26' 3PT Jump Shot
22000853,2020-21 Regular Season,2021-04-16,Anfernee Simons,Norman Powell,Enes Kanter,Nassir Little,Carmelo Anthony,Rudy Gay,Drew Eubanks,DeMar DeRozan,Patty Mills,Lonnie Walker IV,3,81,85,0:00:52,0:11:08,0:00:02,324,POR,rebound,,,,,,,,,,Carmelo Anthony,,,,,,rebound defensive,,,,,,Anthony REBOUND (Off:1 Def:2)
22000853,2020-21 Regular Season,2021-04-16,Anfernee Simons,Norman Powell,Enes Kanter,Nassir Little,Carmelo Anthony,Rudy Gay,Drew Eubanks,DeMar DeRozan,Patty Mills,Lonnie Walker IV,3,81,85,0:00:34,0:11:26,0:00:18,325,POR,shot,,,,,,,,,,Carmelo Anthony,0,,,missed,,3pt pullup jump shot,25,67,243,18.3,29.3,MISS Anthony 25' 3PT Pullup Jump Shot
22000853,2020-21 Regular Season,2021-04-16,Anfernee Simons,Norman Powell,Enes Kanter,Nassir Little,Carmelo Anthony,Rudy Gay,Drew Eubanks,DeMar DeRozan,Patty Mills,Lonnie Walker IV,3,81,85,0:00:31,0:11:29,0:00:03,326,SAS,rebound,,,,,,,,,,Lonnie Walker IV,,,,,,rebound defensive,,,,,,Walker IV REBOUND (Off:0 Def:1)
22000853,2020-21 Regular Season,2021-04-16,Anfernee Simons,Norman Powell,Enes Kanter,Nassir Little,Carmelo Anthony,Rudy Gay,Drew Eubanks,DeMar DeRozan,Patty Mills,Lonnie Walker IV,3,81,85,0:00:12,0:11:48,0:00:19,327,SAS,shot,,,,,,,,,,DeMar DeRozan,0,,,missed,,jump shot,9,-67,61,18.3,82.9,MISS DeRozan 9' Turnaround Jump Shot
22000853,2020-21 Regular Season,2021-04-16,Anfernee Simons,Norman Powell,Enes Kanter,Nassir Little,Carmelo Anthony,Rudy Gay,Drew Eubanks,DeMar DeRozan,Patty Mills,Lonnie Walker IV,3,81,85,0:00:10,0:11:50,0:00:02,328,POR,rebound,,,,,,,,,,Enes Kanter,,,,,,rebound defensive,,,,,,Kanter REBOUND (Off:3 Def:10)
22000853,2020-21 Regular Season,2021-04-16,Anfernee Simons,Norman Powell,Enes Kanter,Nassir Little,Carmelo Anthony,Rudy Gay,Drew Eubanks,DeMar DeRozan,Patty Mills,Lonnie Walker IV,3,83,85,0:00:01,0:11:59,0:00:09,329,POR,shot,,,,,,,,,,Norman Powell,2,,,made,,layup,1,8,10,24.2,6.0,Powell 1' Driving Finger Roll Layup (13 PTS)
22000853,2020-21 Regular Season,2021-04-16,Anfernee Simons,Norman Powell,Enes Kanter,Nassir Little,Carmelo Anthony,Rudy Gay,Drew Eubanks,DeMar DeRozan,Patty Mills,Lonnie Walker IV,3,83,85,0:00:00,0:12:00,0:00:01,330,,end of period,,,,,,,,,,,,,,,,end of period,,,,,,
22000853,2020-21 Regular Season,2021-04-16,CJ McCollum,Enes Kanter,Anfernee Simons,Carmelo Anthony,Nassir Little,Dejounte Murray,Patty Mills,Drew Eubanks,Rudy Gay,Lonnie Walker IV,4,83,85,0:12:00,0:00:00,0:00:00,331,,start of period,,,,,,,,,,,,,,,,start of period,,,,,,
22000853,2020-21 Regular Season,2021-04-16,CJ McCollum,Enes Kanter,Anfernee Simons,Carmelo Anthony,Nassir Little,Dejounte Murray,Patty Mills,Drew Eubanks,Rudy Gay,Lonnie Walker IV,4,85,85,0:11:45,0:00:15,0:00:15,332,POR,shot,Enes Kanter,,,,,,,,,CJ McCollum,2,,,made,,floating jump shot,8,4,78,24.6,12.8,McCollum 8' Floating Jump Shot (25 PTS) (Kanter 3 AST)
22000853,2020-21 Regular Season,2021-04-16,CJ McCollum,Enes Kanter,Anfernee Simons,Carmelo Anthony,Nassir Little,Dejounte Murray,Patty Mills,Drew Eubanks,Rudy Gay,Lonnie Walker IV,4,85,85,0:11:29,0:00:31,0:00:16,333,SAS,turnover,,,,,,,,,,Dejounte Murray,,,bad pass,,Anfernee Simons,bad pass,,,,,,Murray Bad Pass Turnover (P4.T8): Simons STEAL (1 STL)
22000853,2020-21 Regular Season,2021-04-16,CJ McCollum,Enes Kanter,Anfernee Simons,Carmelo Anthony,Nassir Little,Dejounte Murray,Patty Mills,Drew Eubanks,Rudy Gay,Lonnie Walker IV,4,85,85,0:11:25,0:00:35,0:00:04,334,POR,turnover,,,,,,,,,,Carmelo Anthony,,,bad pass,,Patty Mills,bad pass,,,,,,Mills STEAL (1 STL): Anthony Bad Pass Turnover (P2.T11)
22000853,2020-21 Regular Season,2021-04-16,CJ McCollum,Enes Kanter,Anfernee Simons,Carmelo Anthony,Nassir Little,Dejounte Murray,Patty Mills,Drew Eubanks,Rudy Gay,Lonnie Walker IV,4,85,85,0:11:20,0:00:40,0:00:05,335,SAS,turnover,,,,,,,,,,Patty Mills,,,bad pass,,Nassir Little,bad pass,,,,,,Mills Bad Pass Turnover (P1.T9): Little STEAL (1 STL)
22000853,2020-21 Regular Season,2021-04-16,CJ McCollum,Enes Kanter,Anfernee Simons,Carmelo Anthony,Nassir Little,Dejounte Murray,Patty Mills,Drew Eubanks,Rudy Gay,Lonnie Walker IV,4,85,85,0:11:19,0:00:41,0:00:01,336,POR,timeout,,,,,,,,,,,,,,,,timeout: regular,,,,,,Trail Blazers Timeout: Regular (Reg.4 Short 0)
22000853,2020-21 Regular Season,2021-04-16,CJ McCollum,Enes Kanter,Anfernee Simons,Carmelo Anthony,Nassir Little,Dejounte Murray,Patty Mills,Jakob Poeltl,Rudy Gay,Lonnie Walker IV,4,85,85,0:11:19,0:00:41,0:00:00,337,SAS,substitution,,,,,Jakob Poeltl,Drew Eubanks,,,,Drew Eubanks,,,,,,sub,,,,,,SUB: Poeltl FOR Eubanks
22000853,2020-21 Regular Season,2021-04-16,CJ McCollum,Enes Kanter,Anfernee Simons,Carmelo Anthony,Nassir Little,Dejounte Murray,Patty Mills,Jakob Poeltl,Rudy Gay,Lonnie Walker IV,4,85,85,0:11:12,0:00:48,0:00:07,338,POR,shot,,,,,,,,,,CJ McCollum,0,,,missed,,jump shot,15,-29,148,27.9,19.8,MISS McCollum 15' Pullup Jump Shot
22000853,2020-21 Regular Season,2021-04-16,CJ McCollum,Enes Kanter,Anfernee Simons,Carmelo Anthony,Nassir Little,Dejounte Murray,Patty Mills,Jakob Poeltl,Rudy Gay,Lonnie Walker IV,4,85,85,0:11:09,0:00:51,0:00:03,339,SAS,rebound,,,,,,,,,,Jakob Poeltl,,,,,,rebound defensive,,,,,,Poeltl REBOUND (Off:3 Def:2)
22000853,2020-21 Regular Season,2021-04-16,CJ McCollum,Enes Kanter,Anfernee Simons,Carmelo Anthony,Nassir Little,Dejounte Murray,Patty Mills,Jakob Poeltl,Rudy Gay,Lonnie Walker IV,4,85,85,0:10:56,0:01:04,0:00:13,340,SAS,shot,,,,,,,,,,Rudy Gay,0,,,missed,,jump shot,20,98,176,34.8,71.4,MISS Gay 20' Pullup Jump Shot
22000853,2020-21 Regular Season,2021-04-16,CJ McCollum,Enes Kanter,Anfernee Simons,Carmelo Anthony,Nassir Little,Dejounte Murray,Patty Mills,Jakob Poeltl,Rudy Gay,Lonnie Walker IV,4,85,85,0:10:53,0:01:07,0:00:03,341,POR,rebound,,,,,,,,,,Nassir Little,,,,,,rebound defensive,,,,,,Little REBOUND (Off:0 Def:1)
22000853,2020-21 Regular Season,2021-04-16,CJ McCollum,Enes Kanter,Anfernee Simons,Carmelo Anthony,Nassir Little,Dejounte Murray,Patty Mills,Jakob Poeltl,Rudy Gay,Lonnie Walker IV,4,85,85,0:10:33,0:01:27,0:00:20,342,SAS,foul,,,,,,,,Enes Kanter,,Jakob Poeltl,,,s.foul,,,shooting,,,,,,Poeltl S.FOUL (P3.T1) (M.Smith)
22000853,2020-21 Regular Season,2021-04-16,CJ McCollum,Enes Kanter,Anfernee Simons,Carmelo Anthony,Nassir Little,Dejounte Murray,Patty Mills,Jakob Poeltl,Rudy Gay,Lonnie Walker IV,4,86,85,0:10:33,0:01:27,0:00:00,343,POR,free throw,,,,,,,1,,2,Enes Kanter,1,,,made,,free throw 1/2,,,,,,Kanter Free Throw 1 of 2 (9 PTS)
22000853,2020-21 Regular Season,2021-04-16,CJ McCollum,Enes Kanter,Anfernee Simons,Carmelo Anthony,Nassir Little,Dejounte Murray,Patty Mills,Jakob Poeltl,Rudy Gay,Lonnie Walker IV,4,87,85,0:10:33,0:01:27,0:00:00,344,POR,free throw,,,,,,,2,,2,Enes Kanter,1,,,made,,free throw 2/2,,,,,,Kanter Free Throw 2 of 2 (10 PTS)
22000853,2020-21 Regular Season,2021-04-16,CJ McCollum,Enes Kanter,Anfernee Simons,Carmelo Anthony,Nassir Little,Dejounte Murray,Patty Mills,Jakob Poeltl,Rudy Gay,Lonnie Walker IV,4,87,87,0:10:09,0:01:51,0:00:24,345,SAS,shot,Patty Mills,,,,,,,,,Jakob Poeltl,2,,,made,,floating jump shot,8,-14,75,23.6,81.5,Poeltl 8' Floating Jump Shot (17 PTS) (Mills 2 AST)
22000853,2020-21 Regular Season,2021-04-16,CJ McCollum,Enes Kanter,Anfernee Simons,Carmelo Anthony,Nassir Little,Dejounte Murray,Patty Mills,Jakob Poeltl,Rudy Gay,Lonnie Walker IV,4,87,87,0:09:46,0:02:14,0:00:23,346,POR,shot,,,,,,,,,,CJ McCollum,0,,,missed,,3pt pullup jump shot,25,111,228,13.899999999999999,27.8,MISS McCollum 25' 3PT Pullup Jump Shot
22000853,2020-21 Regular Season,2021-04-16,CJ McCollum,Enes Kanter,Anfernee Simons,Carmelo Anthony,Nassir Little,Dejounte Murray,Patty Mills,Jakob Poeltl,Rudy Gay,Lonnie Walker IV,4,87,87,0:09:46,0:02:14,0:00:00,347,SAS,rebound,,,,,,,,,,Rudy Gay,,,,,,rebound defensive,,,,,,Gay REBOUND (Off:0 Def:4)
22000853,2020-21 Regular Season,2021-04-16,CJ McCollum,Enes Kanter,Anfernee Simons,Carmelo Anthony,Nassir Little,Dejounte Murray,Patty Mills,Jakob Poeltl,Rudy Gay,Lonnie Walker IV,4,87,89,0:09:35,0:02:25,0:00:11,348,SAS,shot,,,,,,,,,,Rudy Gay,2,,,made,,jump shot,11,36,101,28.6,78.9,Gay 11' Pullup Jump Shot (9 PTS)
22000853,2020-21 Regular Season,2021-04-16,CJ McCollum,Enes Kanter,Anfernee Simons,Carmelo Anthony,Nassir Little,Dejounte Murray,Patty Mills,Jakob Poeltl,Rudy Gay,Lonnie Walker IV,4,87,89,0:09:13,0:02:47,0:00:22,349,POR,shot,,,,,,,,,,Nassir Little,0,,,missed,,3pt jump shot,25,-87,238,33.7,28.8,MISS Little 25' 3PT Jump Shot
22000853,2020-21 Regular Season,2021-04-16,CJ McCollum,Enes Kanter,Anfernee Simons,Carmelo Anthony,Nassir Little,Dejounte Murray,Patty Mills,Jakob Poeltl,Rudy Gay,Lonnie Walker IV,4,87,89,0:09:10,0:02:50,0:00:03,350,SAS,rebound,,,,,,,,,,Rudy Gay,,,,,,rebound defensive,,,,,,Gay REBOUND (Off:0 Def:5)
22000853,2020-21 Regular Season,2021-04-16,CJ McCollum,Enes Kanter,Anfernee Simons,Carmelo Anthony,Nassir Little,Dejounte Murray,Patty Mills,Jakob Poeltl,Rudy Gay,Lonnie Walker IV,4,87,92,0:08:55,0:03:05,0:00:15,351,SAS,shot,Patty Mills,,,,,,,,,Lonnie Walker IV,3,,,made,,3pt jump shot,27,93,257,34.3,63.3,Walker IV 27' 3PT Jump Shot (5 PTS) (Mills 3 AST)
22000853,2020-21 Regular Season,2021-04-16,CJ McCollum,Enes Kanter,Anfernee Simons,Carmelo Anthony,Nassir Little,Dejounte Murray,Patty Mills,Jakob Poeltl,Rudy Gay,Lonnie Walker IV,4,87,92,0:08:40,0:03:20,0:00:15,352,POR,shot,,,,,,,,,,Carmelo Anthony,0,,,missed,,3pt pullup jump shot,24,234,62,1.5999999999999979,11.2,MISS Anthony 24' 3PT Pullup Jump Shot
22000853,2020-21 Regular Season,2021-04-16,CJ McCollum,Enes Kanter,Anfernee Simons,Carmelo Anthony,Nassir Little,Dejounte Murray,Patty Mills,Jakob Poeltl,Rudy Gay,Lonnie Walker IV,4,87,92,0:08:36,0:03:24,0:00:04,353,SAS,rebound,,,,,,,,,,Dejounte Murray,,,,,,rebound defensive,,,,,,Murray REBOUND (Off:1 Def:7)
22000853,2020-21 Regular Season,2021-04-16,CJ McCollum,Enes Kanter,Anfernee Simons,Carmelo Anthony,Nassir Little,Dejounte Murray,Patty Mills,Jakob Poeltl,Rudy Gay,Lonnie Walker IV,4,87,92,0:08:29,0:03:31,0:00:07,354,SAS,shot,,,,,,,,,,Lonnie Walker IV,0,,,missed,,3pt pullup jump shot,25,-40,243,21.0,64.7,MISS Walker IV 25' 3PT Pullup Jump Shot
22000853,2020-21 Regular Season,2021-04-16,CJ McCollum,Enes Kanter,Anfernee Simons,Carmelo Anthony,Nassir Little,Dejounte Murray,Patty Mills,Jakob Poeltl,Rudy Gay,Lonnie Walker IV,4,87,92,0:08:27,0:03:33,0:00:02,355,POR,rebound,,,,,,,,,,Nassir Little,,,,,,rebound defensive,,,,,,Little REBOUND (Off:0 Def:2)
22000853,2020-21 Regular Season,2021-04-16,CJ McCollum,Enes Kanter,Anfernee Simons,Carmelo Anthony,Nassir Little,Dejounte Murray,Patty Mills,Jakob Poeltl,Rudy Gay,Lonnie Walker IV,4,87,92,0:08:15,0:03:45,0:00:12,356,POR,shot,,,,Jakob Poeltl,,,,,,CJ McCollum,0,,,missed,,driving layup,1,-6,2,25.6,5.2,Poeltl BLOCK (2 BLK): MISS McCollum 1' Driving Layup
22000853,2020-21 Regular Season,2021-04-16,CJ McCollum,Enes Kanter,Anfernee Simons,Carmelo Anthony,Nassir Little,Dejounte Murray,Patty Mills,Jakob Poeltl,Rudy Gay,Lonnie Walker IV,4,87,92,0:08:15,0:03:45,0:00:00,357,POR,rebound,,,,,,,,,,,,,,,,rebound offensive,,,,,,Trail Blazers Rebound
22000853,2020-21 Regular Season,2021-04-16,CJ McCollum,Enes Kanter,Anfernee Simons,Jusuf Nurkic,Nassir Little,Dejounte Murray,Patty Mills,Jakob Poeltl,Rudy Gay,Lonnie Walker IV,4,87,92,0:08:15,0:03:45,0:00:00,358,POR,substitution,,,,,Jusuf Nurkic,Carmelo Anthony,,,,Carmelo Anthony,,,,,,sub,,,,,,SUB: Nurkic FOR Anthony
22000853,2020-21 Regular Season,2021-04-16,CJ McCollum,Enes Kanter,Anfernee Simons,Jusuf Nurkic,Norman Powell,Dejounte Murray,Patty Mills,Jakob Poeltl,Rudy Gay,Lonnie Walker IV,4,87,92,0:08:15,0:03:45,0:00:00,359,POR,substitution,,,,,Norman Powell,Nassir Little,,,,Nassir Little,,,,,,sub,,,,,,SUB: Powell FOR Little
22000853,2020-21 Regular Season,2021-04-16,CJ McCollum,Robert Covington,Anfernee Simons,Jusuf Nurkic,Norman Powell,Dejounte Murray,Patty Mills,Jakob Poeltl,Rudy Gay,Lonnie Walker IV,4,87,92,0:08:15,0:03:45,0:00:00,360,POR,substitution,,,,,Robert Covington,Enes Kanter,,,,Enes Kanter,,,,,,sub,,,,,,SUB: Covington FOR Kanter
22000853,2020-21 Regular Season,2021-04-16,CJ McCollum,Robert Covington,Anfernee Simons,Jusuf Nurkic,Norman Powell,Dejounte Murray,Patty Mills,Jakob Poeltl,Rudy Gay,Lonnie Walker IV,4,90,92,0:08:11,0:03:49,0:00:04,361,POR,shot,CJ McCollum,,,,,,,,,Norman Powell,3,,,made,,3pt jump shot,24,-235,-6,48.5,4.4,Powell 24' 3PT Jump Shot (16 PTS) (McCollum 5 AST)
22000853,2020-21 Regular Season,2021-04-16,CJ McCollum,Robert Covington,Anfernee Simons,Jusuf Nurkic,Norman Powell,Dejounte Murray,Patty Mills,Jakob Poeltl,Rudy Gay,Lonnie Walker IV,4,90,92,0:07:54,0:04:06,0:00:17,362,SAS,turnover,,,,,,,,,,Lonnie Walker IV,,,,,,step out of bounds,,,,,,Walker IV Step Out of Bounds Turnover (P2.T10)
22000853,2020-21 Regular Season,2021-04-16,CJ McCollum,Robert Covington,Anfernee Simons,Jusuf Nurkic,Norman Powell,Dejounte Murray,Derrick White,Jakob Poeltl,Rudy Gay,Lonnie Walker IV,4,90,92,0:07:54,0:04:06,0:00:00,363,SAS,substitution,,,,,Derrick White,Patty Mills,,,,Patty Mills,,,,,,sub,,,,,,SUB: White FOR Mills
22000853,2020-21 Regular Season,2021-04-16,CJ McCollum,Robert Covington,Anfernee Simons,Jusuf Nurkic,Norman Powell,Dejounte Murray,Derrick White,Jakob Poeltl,Rudy Gay,Lonnie Walker IV,4,93,92,0:07:39,0:04:21,0:00:15,364,POR,shot,CJ McCollum,,,,,,,,,Robert Covington,3,,,made,,3pt jump shot,25,57,247,19.3,29.700000000000003,Covington 25' 3PT Jump Shot (8 PTS) (McCollum 6 AST)
22000853,2020-21 Regular Season,2021-04-16,CJ McCollum,Robert Covington,Anfernee Simons,Jusuf Nurkic,Norman Powell,Dejounte Murray,Derrick White,Jakob Poeltl,Rudy Gay,Lonnie Walker IV,4,93,95,0:07:20,0:04:40,0:00:19,365,SAS,shot,Lonnie Walker IV,,,,,,,,,Dejounte Murray,3,,,made,,3pt jump shot,25,-206,142,4.399999999999999,74.8,Murray 25' 3PT Jump Shot (13 PTS) (Walker IV 1 AST)
22000853,2020-21 Regular Season,2021-04-16,CJ McCollum,Robert Covington,Anfernee Simons,Jusuf Nurkic,Norman Powell,Dejounte Murray,Derrick White,Jakob Poeltl,Rudy Gay,Lonnie Walker IV,4,93,95,0:07:09,0:04:51,0:00:11,366,SAS,violation,,,,,,,,,,Jakob Poeltl,,,,,,kicked ball,,,,,,Poeltl Violation:Kicked Ball (M.Smith)
22000853,2020-21 Regular Season,2021-04-16,CJ McCollum,Robert Covington,Anfernee Simons,Jusuf Nurkic,Norman Powell,Dejounte Murray,Derrick White,Jakob Poeltl,Rudy Gay,Keldon Johnson,4,93,95,0:07:09,0:04:51,0:00:00,367,SAS,substitution,,,,,Keldon Johnson,Lonnie Walker IV,,,,Lonnie Walker IV,,,,,,sub,,,,,,SUB: Johnson FOR Walker IV
22000853,2020-21 Regular Season,2021-04-16,CJ McCollum,Robert Covington,Anfernee Simons,Jusuf Nurkic,Norman Powell,Dejounte Murray,Derrick White,Jakob Poeltl,DeMar DeRozan,Keldon Johnson,4,93,95,0:07:09,0:04:51,0:00:00,368,SAS,substitution,,,,,DeMar DeRozan,Rudy Gay,,,,Rudy Gay,,,,,,sub,,,,,,SUB: DeRozan FOR Gay
22000853,2020-21 Regular Season,2021-04-16,CJ McCollum,Robert Covington,Anfernee Simons,Jusuf Nurkic,Norman Powell,Dejounte Murray,Derrick White,Jakob Poeltl,DeMar DeRozan,Keldon Johnson,4,93,95,0:07:00,0:05:00,0:00:09,369,POR,shot,,,,,,,,,,Jusuf Nurkic,0,,,missed,,cutting finger roll layup shot,1,2,10,24.8,6.0,MISS Nurkic 1' Cutting Finger Roll Layup Shot
22000853,2020-21 Regular Season,2021-04-16,CJ McCollum,Robert Covington,Anfernee Simons,Jusuf Nurkic,Norman Powell,Dejounte Murray,Derrick White,Jakob Poeltl,DeMar DeRozan,Keldon Johnson,4,93,95,0:06:58,0:05:02,0:00:02,370,SAS,rebound,,,,,,,,,,Dejounte Murray,,,,,,rebound defensive,,,,,,Murray REBOUND (Off:1 Def:8)
22000853,2020-21 Regular Season,2021-04-16,CJ McCollum,Robert Covington,Anfernee Simons,Jusuf Nurkic,Norman Powell,Dejounte Murray,Derrick White,Jakob Poeltl,DeMar DeRozan,Keldon Johnson,4,93,95,0:06:50,0:05:10,0:00:08,371,SAS,shot,,,,,,,,,,DeMar DeRozan,0,,,missed,,jump shot,6,-58,-1,19.2,89.1,MISS DeRozan 6' Turnaround Jump Shot
22000853,2020-21 Regular Season,2021-04-16,CJ McCollum,Robert Covington,Anfernee Simons,Jusuf Nurkic,Norman Powell,Dejounte Murray,Derrick White,Jakob Poeltl,DeMar DeRozan,Keldon Johnson,4,93,95,0:06:48,0:05:12,0:00:02,372,POR,rebound,,,,,,,,,,Anfernee Simons,,,,,,rebound defensive,,,,,,Simons REBOUND (Off:0 Def:1)
22000853,2020-21 Regular Season,2021-04-16,CJ McCollum,Robert Covington,Anfernee Simons,Jusuf Nurkic,Norman Powell,Dejounte Murray,Derrick White,Jakob Poeltl,DeMar DeRozan,Keldon Johnson,4,93,95,0:06:38,0:05:22,0:00:10,373,POR,shot,,,,,,,,,,Anfernee Simons,0,,,missed,,layup,4,-5,44,25.5,9.4,MISS Simons 4' Layup
22000853,2020-21 Regular Season,2021-04-16,CJ McCollum,Robert Covington,Anfernee Simons,Jusuf Nurkic,Norman Powell,Dejounte Murray,Derrick White,Jakob Poeltl,DeMar DeRozan,Keldon Johnson,4,93,95,0:06:37,0:05:23,0:00:01,374,SAS,rebound,,,,,,,,,,Dejounte Murray,,,,,,rebound defensive,,,,,,Murray REBOUND (Off:1 Def:9)
22000853,2020-21 Regular Season,2021-04-16,CJ McCollum,Robert Covington,Anfernee Simons,Jusuf Nurkic,Norman Powell,Dejounte Murray,Derrick White,Jakob Poeltl,DeMar DeRozan,Keldon Johnson,4,93,95,0:06:29,0:05:31,0:00:08,375,SAS,shot,,,,,,,,,,Dejounte Murray,0,,,missed,,jump shot,17,-15,171,23.5,71.9,MISS Murray 17' Pullup Jump Shot
22000853,2020-21 Regular Season,2021-04-16,CJ McCollum,Robert Covington,Anfernee Simons,Jusuf Nurkic,Norman Powell,Dejounte Murray,Derrick White,Jakob Poeltl,DeMar DeRozan,Keldon Johnson,4,93,95,0:06:25,0:05:35,0:00:04,376,POR,rebound,,,,,,,,,,Jusuf Nurkic,,,,,,rebound defensive,,,,,,Nurkic REBOUND (Off:2 Def:4)
22000853,2020-21 Regular Season,2021-04-16,CJ McCollum,Robert Covington,Anfernee Simons,Jusuf Nurkic,Norman Powell,Dejounte Murray,Derrick White,Jakob Poeltl,DeMar DeRozan,Keldon Johnson,4,93,95,0:06:09,0:05:51,0:00:16,377,POR,shot,,,,,,,,,,CJ McCollum,0,,,missed,,jump shot,18,123,130,12.7,18.0,MISS McCollum 18' Step Back Jump Shot
22000853,2020-21 Regular Season,2021-04-16,CJ McCollum,Robert Covington,Anfernee Simons,Jusuf Nurkic,Norman Powell,Dejounte Murray,Derrick White,Jakob Poeltl,DeMar DeRozan,Keldon Johnson,4,93,95,0:06:05,0:05:55,0:00:04,378,SAS,rebound,,,,,,,,,,Derrick White,,,,,,rebound defensive,,,,,,White REBOUND (Off:0 Def:2)
22000853,2020-21 Regular Season,2021-04-16,CJ McCollum,Robert Covington,Anfernee Simons,Jusuf Nurkic,Norman Powell,Dejounte Murray,Derrick White,Jakob Poeltl,DeMar DeRozan,Keldon Johnson,4,93,95,0:06:02,0:05:58,0:00:03,379,SAS,timeout,,,,,,,,,,,,,,,,timeout: regular,,,,,,SPURS Timeout: Regular (Full 4 Short 0)
22000853,2020-21 Regular Season,2021-04-16,CJ McCollum,Robert Covington,Anfernee Simons,Jusuf Nurkic,Norman Powell,Lonnie Walker IV,Derrick White,Jakob Poeltl,DeMar DeRozan,Keldon Johnson,4,93,95,0:06:02,0:05:58,0:00:00,380,SAS,substitution,,,,,Lonnie Walker IV,Dejounte Murray,,,,Dejounte Murray,,,,,,sub,,,,,,SUB: Walker IV FOR Murray
22000853,2020-21 Regular Season,2021-04-16,CJ McCollum,Robert Covington,Anfernee Simons,Jusuf Nurkic,Norman Powell,Lonnie Walker IV,Derrick White,Jakob Poeltl,DeMar DeRozan,Keldon Johnson,4,93,95,0:05:53,0:06:07,0:00:09,381,SAS,shot,,,,,,,,,,Keldon Johnson,0,,,missed,,3pt jump shot,22,-223,13,2.6999999999999993,87.7,MISS Johnson 3PT Jump Shot
22000853,2020-21 Regular Season,2021-04-16,CJ McCollum,Robert Covington,Anfernee Simons,Jusuf Nurkic,Norman Powell,Lonnie Walker IV,Derrick White,Jakob Poeltl,DeMar DeRozan,Keldon Johnson,4,93,95,0:05:49,0:06:11,0:00:04,382,POR,rebound,,,,,,,,,,Anfernee Simons,,,,,,rebound defensive,,,,,,Simons REBOUND (Off:0 Def:2)
22000853,2020-21 Regular Season,2021-04-16,CJ McCollum,Robert Covington,Anfernee Simons,Jusuf Nurkic,Norman Powell,Lonnie Walker IV,Derrick White,Jakob Poeltl,DeMar DeRozan,Keldon Johnson,4,93,95,0:05:33,0:06:27,0:00:16,383,POR,shot,,,,Jakob Poeltl,,,,,,Jusuf Nurkic,0,,,missed,,layup,4,-23,26,27.3,7.6,Poeltl BLOCK (3 BLK): MISS Nurkic 3' Layup
22000853,2020-21 Regular Season,2021-04-16,CJ McCollum,Robert Covington,Anfernee Simons,Jusuf Nurkic,Norman Powell,Lonnie Walker IV,Derrick White,Jakob Poeltl,DeMar DeRozan,Keldon Johnson,4,93,95,0:05:29,0:06:31,0:00:04,384,SAS,rebound,,,,,,,,,,Keldon Johnson,,,,,,rebound defensive,,,,,,Johnson REBOUND (Off:3 Def:8)
22000853,2020-21 Regular Season,2021-04-16,CJ McCollum,Robert Covington,Anfernee Simons,Jusuf Nurkic,Norman Powell,Lonnie Walker IV,Derrick White,Jakob Poeltl,DeMar DeRozan,Keldon Johnson,4,93,95,0:05:21,0:06:39,0:00:08,385,SAS,shot,,,,CJ McCollum,,,,,,Derrick White,0,,,missed,,jump shot,9,-57,72,19.3,81.8,MISS White 9' Pullup Jump Shot: McCollum BLOCK (1 BLK)
22000853,2020-21 Regular Season,2021-04-16,CJ McCollum,Robert Covington,Anfernee Simons,Jusuf Nurkic,Norman Powell,Lonnie Walker IV,Derrick White,Jakob Poeltl,DeMar DeRozan,Keldon Johnson,4,93,95,0:05:18,0:06:42,0:00:03,386,SAS,rebound,,,,,,,,,,Derrick White,,,,,,rebound offensive,,,,,,White REBOUND (Off:1 Def:2)
22000853,2020-21 Regular Season,2021-04-16,CJ McCollum,Robert Covington,Anfernee Simons,Jusuf Nurkic,Norman Powell,Lonnie Walker IV,Derrick White,Jakob Poeltl,DeMar DeRozan,Keldon Johnson,4,93,95,0:05:15,0:06:45,0:00:03,387,SAS,turnover,,,,,,,,,,DeMar DeRozan,,,bad pass,,Anfernee Simons,bad pass,,,,,,DeRozan Bad Pass Turnover (P2.T11): Simons STEAL (2 STL)
22000853,2020-21 Regular Season,2021-04-16,CJ McCollum,Robert Covington,Anfernee Simons,Jusuf Nurkic,Norman Powell,Lonnie Walker IV,Derrick White,Jakob Poeltl,DeMar DeRozan,Keldon Johnson,4,95,95,0:05:12,0:06:48,0:00:03,388,POR,shot,,,,,,,,,,Anfernee Simons,2,,,made,,dunk,1,5,4,24.5,5.4,Simons 1' Running Dunk (16 PTS)
22000853,2020-21 Regular Season,2021-04-16,CJ McCollum,Robert Covington,Anfernee Simons,Jusuf Nurkic,Norman Powell,Lonnie Walker IV,Derrick White,Jakob Poeltl,DeMar DeRozan,Keldon Johnson,4,95,95,0:04:53,0:07:07,0:00:19,389,SAS,shot,,,,,,,,,,Derrick White,0,,,missed,,driving layup,1,-3,8,24.7,88.2,MISS White 1' Driving Layup
22000853,2020-21 Regular Season,2021-04-16,CJ McCollum,Robert Covington,Anfernee Simons,Jusuf Nurkic,Norman Powell,Lonnie Walker IV,Derrick White,Jakob Poeltl,DeMar DeRozan,Keldon Johnson,4,95,95,0:04:50,0:07:10,0:00:03,390,POR,rebound,,,,,,,,,,Robert Covington,,,,,,rebound defensive,,,,,,Covington REBOUND (Off:1 Def:4)
22000853,2020-21 Regular Season,2021-04-16,CJ McCollum,Robert Covington,Anfernee Simons,Jusuf Nurkic,Norman Powell,Lonnie Walker IV,Derrick White,Jakob Poeltl,DeMar DeRozan,Keldon Johnson,4,97,95,0:04:43,0:07:17,0:00:07,391,POR,shot,Robert Covington,,,,,,,,,Jusuf Nurkic,2,,,made,,layup,1,-1,6,25.1,5.6,Nurkic 1' Layup (9 PTS) (Covington 1 AST)
22000853,2020-21 Regular Season,2021-04-16,CJ McCollum,Robert Covington,Anfernee Simons,Jusuf Nurkic,Norman Powell,Lonnie Walker IV,Derrick White,Jakob Poeltl,DeMar DeRozan,Keldon Johnson,4,97,97,0:04:27,0:07:33,0:00:16,392,SAS,shot,,,,,,,,,,DeMar DeRozan,2,,,made,,layup,5,43,17,29.3,87.3,DeRozan 5' Driving Finger Roll Layup (20 PTS)
22000853,2020-21 Regular Season,2021-04-16,CJ McCollum,Robert Covington,Anfernee Simons,Jusuf Nurkic,Norman Powell,Lonnie Walker IV,Derrick White,Jakob Poeltl,DeMar DeRozan,Keldon Johnson,4,97,97,0:04:08,0:07:52,0:00:19,393,POR,shot,,,,,,,,,,Anfernee Simons,0,,,missed,,3pt jump shot,24,-236,-20,48.6,3.0,MISS Simons 24' 3PT Jump Shot
22000853,2020-21 Regular Season,2021-04-16,CJ McCollum,Robert Covington,Anfernee Simons,Jusuf Nurkic,Norman Powell,Lonnie Walker IV,Derrick White,Jakob Poeltl,DeMar DeRozan,Keldon Johnson,4,97,97,0:04:05,0:07:55,0:00:03,394,SAS,rebound,,,,,,,,,,Lonnie Walker IV,,,,,,rebound defensive,,,,,,Walker IV REBOUND (Off:0 Def:2)
22000853,2020-21 Regular Season,2021-04-16,CJ McCollum,Robert Covington,Anfernee Simons,Jusuf Nurkic,Norman Powell,Lonnie Walker IV,Derrick White,Jakob Poeltl,DeMar DeRozan,Keldon Johnson,4,97,97,0:03:54,0:08:06,0:00:11,395,SAS,shot,,,,,,,,,,DeMar DeRozan,0,,,missed,,jump shot,16,6,157,25.6,73.3,MISS DeRozan 16' Pullup Jump Shot
22000853,2020-21 Regular Season,2021-04-16,CJ McCollum,Robert Covington,Anfernee Simons,Jusuf Nurkic,Norman Powell,Lonnie Walker IV,Derrick White,Jakob Poeltl,DeMar DeRozan,Keldon Johnson,4,97,97,0:03:52,0:08:08,0:00:02,396,POR,rebound,,,,,,,,,,Robert Covington,,,,,,rebound defensive,,,,,,Covington REBOUND (Off:1 Def:5)
22000853,2020-21 Regular Season,2021-04-16,CJ McCollum,Robert Covington,Anfernee Simons,Jusuf Nurkic,Norman Powell,Lonnie Walker IV,Derrick White,Jakob Poeltl,DeMar DeRozan,Keldon Johnson,4,97,97,0:03:41,0:08:19,0:00:11,397,POR,shot,,,,,,,,,,CJ McCollum,0,,,missed,,jump shot,16,108,117,14.2,16.700000000000003,MISS McCollum 16' Pullup Jump Shot
22000853,2020-21 Regular Season,2021-04-16,CJ McCollum,Robert Covington,Anfernee Simons,Jusuf Nurkic,Norman Powell,Lonnie Walker IV,Derrick White,Jakob Poeltl,DeMar DeRozan,Keldon Johnson,4,97,97,0:03:39,0:08:21,0:00:02,398,SAS,rebound,,,,,,,,,,DeMar DeRozan,,,,,,rebound defensive,,,,,,DeRozan REBOUND (Off:1 Def:2)
22000853,2020-21 Regular Season,2021-04-16,CJ McCollum,Robert Covington,Anfernee Simons,Jusuf Nurkic,Norman Powell,Lonnie Walker IV,Derrick White,Jakob Poeltl,DeMar DeRozan,Keldon Johnson,4,97,99,0:03:34,0:08:26,0:00:05,399,SAS,shot,,,,,,,,,,DeMar DeRozan,2,,,made,,layup,1,2,11,25.2,87.9,DeRozan 1' Driving Finger Roll Layup (22 PTS)
22000853,2020-21 Regular Season,2021-04-16,CJ McCollum,Robert Covington,Anfernee Simons,Jusuf Nurkic,Norman Powell,Lonnie Walker IV,Derrick White,Jakob Poeltl,DeMar DeRozan,Keldon Johnson,4,97,99,0:03:34,0:08:26,0:00:00,400,POR,timeout,,,,,,,,,,,,,,,,timeout: regular,,,,,,Trail Blazers Timeout: Regular (Reg.5 Short 0)
22000853,2020-21 Regular Season,2021-04-16,CJ McCollum,Robert Covington,Anfernee Simons,Jusuf Nurkic,Norman Powell,Lonnie Walker IV,Derrick White,Jakob Poeltl,DeMar DeRozan,Dejounte Murray,4,97,99,0:03:34,0:08:26,0:00:00,401,SAS,substitution,,,,,Dejounte Murray,Keldon Johnson,,,,Keldon Johnson,,,,,,sub,,,,,,SUB: Murray FOR Johnson
22000853,2020-21 Regular Season,2021-04-16,CJ McCollum,Robert Covington,Anfernee Simons,Jusuf Nurkic,Norman Powell,Lonnie Walker IV,Derrick White,Jakob Poeltl,DeMar DeRozan,Dejounte Murray,4,99,99,0:03:21,0:08:39,0:00:13,402,POR,shot,Jusuf Nurkic,,,,,,,,,Norman Powell,2,,,made,,layup,0,3,0,24.7,5.0,Powell Driving Finger Roll Layup (18 PTS) (Nurkic 2 AST)
22000853,2020-21 Regular Season,2021-04-16,CJ McCollum,Robert Covington,Anfernee Simons,Jusuf Nurkic,Norman Powell,Lonnie Walker IV,Derrick White,Jakob Poeltl,DeMar DeRozan,Dejounte Murray,4,99,99,0:03:04,0:08:56,0:00:17,403,SAS,shot,,,,,,,,,,Dejounte Murray,0,,,missed,,3pt jump shot,25,-144,203,10.6,68.7,MISS Murray 25' 3PT Jump Shot
22000853,2020-21 Regular Season,2021-04-16,CJ McCollum,Robert Covington,Anfernee Simons,Jusuf Nurkic,Norman Powell,Lonnie Walker IV,Derrick White,Jakob Poeltl,DeMar DeRozan,Dejounte Murray,4,99,99,0:03:02,0:08:58,0:00:02,404,SAS,rebound,,,,,,,,,,Jakob Poeltl,,,,,,rebound offensive,,,,,,Poeltl REBOUND (Off:4 Def:2)
22000853,2020-21 Regular Season,2021-04-16,CJ McCollum,Robert Covington,Anfernee Simons,Jusuf Nurkic,Norman Powell,Lonnie Walker IV,Derrick White,Jakob Poeltl,DeMar DeRozan,Dejounte Murray,4,99,99,0:03:00,0:09:00,0:00:02,405,SAS,turnover,,,,,,,,,,Jakob Poeltl,,,bad pass,,Robert Covington,bad pass,,,,,,Poeltl Bad Pass Turnover (P2.T12): Covington STEAL (2 STL)
22000853,2020-21 Regular Season,2021-04-16,CJ McCollum,Robert Covington,Anfernee Simons,Jusuf Nurkic,Norman Powell,Lonnie Walker IV,Derrick White,Jakob Poeltl,DeMar DeRozan,Dejounte Murray,4,99,99,0:02:53,0:09:07,0:00:07,406,POR,shot,,,,,,,,,,Norman Powell,0,,,missed,,3pt jump shot,26,-119,233,36.9,28.3,MISS Powell 26' 3PT Jump Shot
22000853,2020-21 Regular Season,2021-04-16,CJ McCollum,Robert Covington,Anfernee Simons,Jusuf Nurkic,Norman Powell,Lonnie Walker IV,Derrick White,Jakob Poeltl,DeMar DeRozan,Dejounte Murray,4,99,99,0:02:50,0:09:10,0:00:03,407,SAS,rebound,,,,,,,,,,Dejounte Murray,,,,,,rebound defensive,,,,,,Murray REBOUND (Off:1 Def:10)
22000853,2020-21 Regular Season,2021-04-16,CJ McCollum,Robert Covington,Anfernee Simons,Jusuf Nurkic,Norman Powell,Lonnie Walker IV,Derrick White,Jakob Poeltl,DeMar DeRozan,Dejounte Murray,4,99,101,0:02:36,0:09:24,0:00:14,408,SAS,shot,,,,,,,,,,DeMar DeRozan,2,,,made,,jump shot,8,-18,83,23.2,80.7,DeRozan 8' Pullup Jump Shot (24 PTS)
22000853,2020-21 Regular Season,2021-04-16,CJ McCollum,Robert Covington,Anfernee Simons,Jusuf Nurkic,Norman Powell,Lonnie Walker IV,Derrick White,Jakob Poeltl,DeMar DeRozan,Dejounte Murray,4,101,101,0:02:20,0:09:40,0:00:16,409,POR,shot,Jusuf Nurkic,,,,,,,,,CJ McCollum,2,,,made,,fadeaway jumper,6,-1,65,25.1,11.5,McCollum 7' Fadeaway Jumper (27 PTS) (Nurkic 3 AST)
22000853,2020-21 Regular Season,2021-04-16,CJ McCollum,Robert Covington,Anfernee Simons,Jusuf Nurkic,Norman Powell,Lonnie Walker IV,Derrick White,Jakob Poeltl,DeMar DeRozan,Dejounte Murray,4,101,104,0:02:03,0:09:57,0:00:17,410,SAS,shot,Lonnie Walker IV,,,,,,,,,Derrick White,3,,,made,,3pt jump shot,28,181,213,43.1,67.7,White 28' 3PT Jump Shot (13 PTS) (Walker IV 2 AST)
22000853,2020-21 Regular Season,2021-04-16,CJ McCollum,Robert Covington,Anfernee Simons,Jusuf Nurkic,Norman Powell,Lonnie Walker IV,Derrick White,Jakob Poeltl,DeMar DeRozan,Dejounte Murray,4,101,104,0:01:43,0:10:17,0:00:20,411,POR,shot,,,,,,,,,,Anfernee Simons,0,,,missed,,3pt jump shot,26,141,215,10.899999999999999,26.5,MISS Simons 26' 3PT Jump Shot
22000853,2020-21 Regular Season,2021-04-16,CJ McCollum,Robert Covington,Anfernee Simons,Jusuf Nurkic,Norman Powell,Lonnie Walker IV,Derrick White,Jakob Poeltl,DeMar DeRozan,Dejounte Murray,4,101,104,0:01:40,0:10:20,0:00:03,412,SAS,rebound,,,,,,,,,,DeMar DeRozan,,,,,,rebound defensive,,,,,,DeRozan REBOUND (Off:1 Def:3)
22000853,2020-21 Regular Season,2021-04-16,CJ McCollum,Robert Covington,Anfernee Simons,Jusuf Nurkic,Norman Powell,Lonnie Walker IV,Derrick White,Jakob Poeltl,DeMar DeRozan,Dejounte Murray,4,101,104,0:01:26,0:10:34,0:00:14,413,SAS,turnover,,,,,,,,,,Dejounte Murray,,,traveling,,,traveling,,,,,,Murray Traveling Turnover (P5.T13)
22000853,2020-21 Regular Season,2021-04-16,CJ McCollum,Robert Covington,Anfernee Simons,Jusuf Nurkic,Norman Powell,Lonnie Walker IV,Derrick White,Jakob Poeltl,DeMar DeRozan,Dejounte Murray,4,103,104,0:01:15,0:10:45,0:00:11,414,POR,shot,Jusuf Nurkic,,,,,,,,,Norman Powell,2,,,made,,cutting layup shot,2,2,16,24.8,6.6,Powell 2' Cutting Layup Shot (20 PTS) (Nurkic 4 AST)
22000853,2020-21 Regular Season,2021-04-16,CJ McCollum,Robert Covington,Anfernee Simons,Jusuf Nurkic,Norman Powell,Lonnie Walker IV,Derrick White,Jakob Poeltl,DeMar DeRozan,Dejounte Murray,4,103,106,0:00:59,0:11:01,0:00:16,415,SAS,shot,,,,,,,,,,DeMar DeRozan,2,,,made,,floating jump shot,8,-74,30,17.6,86.0,DeRozan 8' Floating Jump Shot (26 PTS)
22000853,2020-21 Regular Season,2021-04-16,CJ McCollum,Robert Covington,Anfernee Simons,Jusuf Nurkic,Norman Powell,Lonnie Walker IV,Derrick White,Jakob Poeltl,DeMar DeRozan,Dejounte Murray,4,105,106,0:00:50,0:11:10,0:00:09,416,POR,shot,,,,,,,,,,CJ McCollum,2,,,made,,jump shot,16,-109,115,35.9,16.5,McCollum 16' Pullup Jump Shot (29 PTS)
22000853,2020-21 Regular Season,2021-04-16,CJ McCollum,Robert Covington,Anfernee Simons,Jusuf Nurkic,Norman Powell,Lonnie Walker IV,Derrick White,Jakob Poeltl,DeMar DeRozan,Dejounte Murray,4,105,106,0:00:27,0:11:33,0:00:23,417,SAS,turnover,,,,,,,,,,Lonnie Walker IV,,,bad pass,,Robert Covington,bad pass,,,,,,Walker IV Bad Pass Turnover (P3.T14): Covington STEAL (3 STL)
22000853,2020-21 Regular Season,2021-04-16,CJ McCollum,Robert Covington,Anfernee Simons,Jusuf Nurkic,Norman Powell,Lonnie Walker IV,Derrick White,Jakob Poeltl,DeMar DeRozan,Dejounte Murray,4,107,106,0:00:22,0:11:38,0:00:05,418,POR,shot,Robert Covington,,,,,,,,,Norman Powell,2,,,made,,driving layup,2,-2,16,25.2,6.6,Powell 2' Driving Layup (22 PTS) (Covington 2 AST)
22000853,2020-21 Regular Season,2021-04-16,CJ McCollum,Robert Covington,Anfernee Simons,Jusuf Nurkic,Norman Powell,Lonnie Walker IV,Derrick White,Jakob Poeltl,DeMar DeRozan,Dejounte Murray,4,107,106,0:00:22,0:11:38,0:00:00,419,SAS,violation,,,,,,,,,,Jakob Poeltl,,,,,,defensive goaltending,,,,,,Poeltl Violation:Defensive Goaltending (J.Sterling)
22000853,2020-21 Regular Season,2021-04-16,CJ McCollum,Robert Covington,Anfernee Simons,Jusuf Nurkic,Norman Powell,Lonnie Walker IV,Derrick White,Jakob Poeltl,DeMar DeRozan,Dejounte Murray,4,107,106,0:00:22,0:11:38,0:00:00,420,SAS,timeout,,,,,,,,,,,,,,,,timeout: regular,,,,,,SPURS Timeout: Regular (Full 5 Short 0)
22000853,2020-21 Regular Season,2021-04-16,CJ McCollum,Robert Covington,Anfernee Simons,Jusuf Nurkic,Norman Powell,Lonnie Walker IV,Derrick White,Jakob Poeltl,DeMar DeRozan,Dejounte Murray,4,107,106,0:00:22,0:11:38,0:00:00,421,,,,,,,,,,,,,,,,,,unknown,,,,,,
22000853,2020-21 Regular Season,2021-04-16,CJ McCollum,Robert Covington,Anfernee Simons,Jusuf Nurkic,Norman Powell,Rudy Gay,Derrick White,Jakob Poeltl,DeMar DeRozan,Dejounte Murray,4,107,106,0:00:22,0:11:38,0:00:00,422,SAS,substitution,,,,,Rudy Gay,Lonnie Walker IV,,,,Lonnie Walker IV,,,,,,sub,,,,,,SUB: Gay FOR Walker IV
22000853,2020-21 Regular Season,2021-04-16,CJ McCollum,Robert Covington,Derrick Jones Jr.,Jusuf Nurkic,Norman Powell,Rudy Gay,Derrick White,Jakob Poeltl,DeMar DeRozan,Dejounte Murray,4,107,106,0:00:22,0:11:38,0:00:00,423,POR,substitution,,,,,Derrick Jones Jr.,Anfernee Simons,,,,Anfernee Simons,,,,,,sub,,,,,,SUB: Jones Jr. FOR Simons
22000853,2020-21 Regular Season,2021-04-16,CJ McCollum,Robert Covington,Derrick Jones Jr.,Jusuf Nurkic,Norman Powell,Rudy Gay,Derrick White,Jakob Poeltl,DeMar DeRozan,Dejounte Murray,4,107,106,0:00:09,0:11:51,0:00:13,424,SAS,shot,,,,,,,,,,DeMar DeRozan,0,,,missed,,jump shot,15,-146,17,10.399999999999999,87.3,MISS DeRozan 15' Pullup Jump Shot
22000853,2020-21 Regular Season,2021-04-16,CJ McCollum,Robert Covington,Derrick Jones Jr.,Jusuf Nurkic,Norman Powell,Rudy Gay,Derrick White,Jakob Poeltl,DeMar DeRozan,Dejounte Murray,4,107,106,0:00:07,0:11:53,0:00:02,425,SAS,rebound,,,,,,,,,,Jakob Poeltl,,,,,,rebound offensive,,,,,,Poeltl REBOUND (Off:5 Def:2)
22000853,2020-21 Regular Season,2021-04-16,CJ McCollum,Robert Covington,Derrick Jones Jr.,Jusuf Nurkic,Norman Powell,Rudy Gay,Derrick White,Jakob Poeltl,DeMar DeRozan,Dejounte Murray,4,107,106,0:00:03,0:11:57,0:00:04,426,SAS,shot,,,,,,,,,,Rudy Gay,0,,,missed,,3pt jump shot,26,-13,255,23.7,63.5,MISS Gay 26' 3PT Jump Shot
22000853,2020-21 Regular Season,2021-04-16,CJ McCollum,Robert Covington,Derrick Jones Jr.,Jusuf Nurkic,Norman Powell,Rudy Gay,Derrick White,Jakob Poeltl,DeMar DeRozan,Dejounte Murray,4,107,106,0:00:03,0:11:57,0:00:00,427,SAS,rebound,,,,,,,,,,Jakob Poeltl,,,,,,rebound offensive,,,,,,Poeltl REBOUND (Off:6 Def:2)
22000853,2020-21 Regular Season,2021-04-16,CJ McCollum,Robert Covington,Derrick Jones Jr.,Jusuf Nurkic,Norman Powell,Rudy Gay,Derrick White,Jakob Poeltl,DeMar DeRozan,Dejounte Murray,4,107,106,0:00:00,0:12:00,0:00:03,428,SAS,shot,,,,,,,,,,Jakob Poeltl,0,,,missed,,jump shot,17,134,98,38.4,79.2,MISS Poeltl 17' Jump Shot
22000853,2020-21 Regular Season,2021-04-16,CJ McCollum,Robert Covington,Derrick Jones Jr.,Jusuf Nurkic,Norman Powell,Rudy Gay,Derrick White,Jakob Poeltl,DeMar DeRozan,Dejounte Murray,4,107,106,0:00:00,0:12:00,0:00:00,429,SAS,rebound,,,,,,,,,,,,,,,,team rebound,,,,,,SPURS Rebound
22000853,2020-21 Regular Season,2021-04-16,CJ McCollum,Robert Covington,Derrick Jones Jr.,Jusuf Nurkic,Norman Powell,Rudy Gay,Derrick White,Jakob Poeltl,DeMar DeRozan,Dejounte Murray,4,107,106,0:00:00,0:12:00,0:00:00,430,,end of period,,,,,,,,,,,,,,,,end of period,,,,,,
