game_id,data_set,date,a1,a2,a3,a4,a5,h1,h2,h3,h4,h5,period,away_score,home_score,remaining_time,elapsed,play_length,play_id,team,event_type,assist,away,home,block,entered,left,num,opponent,outof,player,points,possession,reason,result,steal,type,shot_distance,original_x,original_y,converted_x,converted_y,description
22200415,2022-23 Regular Season,2022-12-14,Kevon Looney,Draymond Green,Stephen Curry,Jordan Poole,Donte DiVincenzo,Myles Turner,Aaron Nesmith,Buddy Hield,Andrew Nembhard,Tyrese Haliburton,1,0,0,0:12:00,0:00:00,0:00:00,1,,start of period,,,,,,,,,,,,,,,,start of period,,,,,,
22200415,2022-23 Regular Season,2022-12-14,Kevon Looney,Draymond Green,Stephen Curry,Jordan Poole,Donte DiVincenzo,Myles Turner,Aaron Nesmith,Buddy Hield,Andrew Nembhard,Tyrese Haliburton,1,0,0,0:12:00,0:00:00,0:00:00,2,IND,jump ball,,Kevon Looney,Myles Turner,,,,,,,Kevon Looney,,Draymond Green,,,,jump ball,,,,,,Jump Ball Turner vs. Looney: Tip to D. Green
22200415,2022-23 Regular Season,2022-12-14,Kevon Looney,Draymond Green,Stephen Curry,Jordan Poole,Donte DiVincenzo,Myles Turner,Aaron Nesmith,Buddy Hield,Andrew Nembhard,Tyrese Haliburton,1,0,0,0:12:00,0:00:00,0:00:00,3,IND,violation,,,,,,,,,,,,,,,,delay of game,,,,,,PACERS Violation: Delay of game Violation
22200415,2022-23 Regular Season,2022-12-14,Kevon Looney,Draymond Green,Stephen Curry,Jordan Poole,Donte DiVincenzo,Myles Turner,Aaron Nesmith,Buddy Hield,Andrew Nembhard,Tyrese Haliburton,1,2,0,0:11:44,0:00:16,0:00:16,4,GSW,shot,Jordan Poole,,,,,,,,,Stephen Curry,2,,,made,,fadeaway jumper,14,145,8,10.5,5.8,Curry 15' Fadeaway Jumper (2 PTS) (Poole 1 AST)
22200415,2022-23 Regular Season,2022-12-14,Kevon Looney,Draymond Green,Stephen Curry,Jordan Poole,Donte DiVincenzo,Myles Turner,Aaron Nesmith,Buddy Hield,Andrew Nembhard,Tyrese Haliburton,1,2,0,0:11:14,0:00:46,0:00:30,5,IND,shot,,,,,,,,,,Aaron Nesmith,0,,,missed,,3pt jump shot,23,228,11,47.8,87.9,MISS Nesmith 3PT Jump Shot
22200415,2022-23 Regular Season,2022-12-14,Kevon Looney,Draymond Green,Stephen Curry,Jordan Poole,Donte DiVincenzo,Myles Turner,Aaron Nesmith,Buddy Hield,Andrew Nembhard,Tyrese Haliburton,1,2,0,0:11:10,0:00:50,0:00:04,6,GSW,rebound,,,,,,,,,,Kevon Looney,,,,,,rebound defensive,,,,,,Looney REBOUND (Off:0 Def:1)
22200415,2022-23 Regular Season,2022-12-14,Kevon Looney,Draymond Green,Stephen Curry,Jordan Poole,Donte DiVincenzo,Myles Turner,Aaron Nesmith,Buddy Hield,Andrew Nembhard,Tyrese Haliburton,1,5,0,0:10:59,0:01:01,0:00:11,7,GSW,shot,Kevon Looney,,,,,,,,,Donte DiVincenzo,3,,,made,,3pt jump shot,25,195,156,5.5,20.6,DiVincenzo 25' 3PT Jump Shot (3 PTS) (Looney 1 AST)
22200415,2022-23 Regular Season,2022-12-14,Kevon Looney,Draymond Green,Stephen Curry,Jordan Poole,Donte DiVincenzo,Myles Turner,Aaron Nesmith,Buddy Hield,Andrew Nembhard,Tyrese Haliburton,1,5,2,0:10:35,0:01:25,0:00:24,8,IND,shot,,,,,,,,,,Buddy Hield,2,,,made,,jump shot,18,-143,110,10.7,78.0,Hield 18' Step Back Jump Shot (2 PTS)
22200415,2022-23 Regular Season,2022-12-14,Kevon Looney,Draymond Green,Stephen Curry,Jordan Poole,Donte DiVincenzo,Myles Turner,Aaron Nesmith,Buddy Hield,Andrew Nembhard,Tyrese Haliburton,1,5,2,0:10:25,0:01:35,0:00:10,9,GSW,turnover,,,,,,,,,,Jordan Poole,,,bad pass,,Myles Turner,bad pass,,,,,,Turner STEAL (1 STL): Poole Bad Pass Turnover (P1.T1)
22200415,2022-23 Regular Season,2022-12-14,Kevon Looney,Draymond Green,Stephen Curry,Jordan Poole,Donte DiVincenzo,Myles Turner,Aaron Nesmith,Buddy Hield,Andrew Nembhard,Tyrese Haliburton,1,5,2,0:10:20,0:01:40,0:00:05,10,IND,shot,,,,,,,,,,Aaron Nesmith,0,,,missed,,layup,2,-15,15,23.5,87.5,MISS Nesmith 2' Running Finger Roll Layup
22200415,2022-23 Regular Season,2022-12-14,Kevon Looney,Draymond Green,Stephen Curry,Jordan Poole,Donte DiVincenzo,Myles Turner,Aaron Nesmith,Buddy Hield,Andrew Nembhard,Tyrese Haliburton,1,5,2,0:10:17,0:01:43,0:00:03,11,GSW,rebound,,,,,,,,,,Donte DiVincenzo,,,,,,rebound defensive,,,,,,DiVincenzo REBOUND (Off:0 Def:1)
22200415,2022-23 Regular Season,2022-12-14,Kevon Looney,Draymond Green,Stephen Curry,Jordan Poole,Donte DiVincenzo,Myles Turner,Aaron Nesmith,Buddy Hield,Andrew Nembhard,Tyrese Haliburton,1,5,2,0:10:12,0:01:48,0:00:05,12,GSW,turnover,,,,,,,,,,Draymond Green,,,bad pass,,,bad pass,,,,,,D. Green Out of Bounds - Bad Pass Turnover Turnover (P1.T2)
22200415,2022-23 Regular Season,2022-12-14,Kevon Looney,Draymond Green,Stephen Curry,Jordan Poole,Donte DiVincenzo,Myles Turner,Aaron Nesmith,Buddy Hield,Andrew Nembhard,Tyrese Haliburton,1,5,2,0:09:58,0:02:02,0:00:14,13,GSW,foul,,,,,,,,Myles Turner,,Stephen Curry,,,p.foul,,,personal,,,,,,Curry P.FOUL (P1.T1) (T.Ford)
22200415,2022-23 Regular Season,2022-12-14,Kevon Looney,Draymond Green,Stephen Curry,Jordan Poole,Donte DiVincenzo,Myles Turner,Aaron Nesmith,Buddy Hield,Andrew Nembhard,Tyrese Haliburton,1,5,2,0:09:54,0:02:06,0:00:04,14,IND,shot,,,,,,,,,,Aaron Nesmith,0,,,missed,,driving layup,3,-18,21,23.2,86.9,MISS Nesmith 3' Driving Layup
22200415,2022-23 Regular Season,2022-12-14,Kevon Looney,Draymond Green,Stephen Curry,Jordan Poole,Donte DiVincenzo,Myles Turner,Aaron Nesmith,Buddy Hield,Andrew Nembhard,Tyrese Haliburton,1,5,2,0:09:51,0:02:09,0:00:03,15,GSW,rebound,,,,,,,,,,Kevon Looney,,,,,,rebound defensive,,,,,,Looney REBOUND (Off:0 Def:2)
22200415,2022-23 Regular Season,2022-12-14,Kevon Looney,Draymond Green,Stephen Curry,Jordan Poole,Donte DiVincenzo,Myles Turner,Aaron Nesmith,Buddy Hield,Andrew Nembhard,Tyrese Haliburton,1,5,2,0:09:39,0:02:21,0:00:12,16,GSW,shot,,,,,,,,,,Kevon Looney,0,,,missed,,layup,4,2,38,24.8,8.8,MISS Looney 4' Layup
22200415,2022-23 Regular Season,2022-12-14,Kevon Looney,Draymond Green,Stephen Curry,Jordan Poole,Donte DiVincenzo,Myles Turner,Aaron Nesmith,Buddy Hield,Andrew Nembhard,Tyrese Haliburton,1,5,2,0:09:37,0:02:23,0:00:02,17,GSW,rebound,,,,,,,,,,Jordan Poole,,,,,,rebound offensive,,,,,,Poole REBOUND (Off:1 Def:0)
22200415,2022-23 Regular Season,2022-12-14,Kevon Looney,Draymond Green,Stephen Curry,Jordan Poole,Donte DiVincenzo,Myles Turner,Aaron Nesmith,Buddy Hield,Andrew Nembhard,Tyrese Haliburton,1,5,2,0:09:32,0:02:28,0:00:05,18,IND,foul,,,,,,,,Stephen Curry,,Aaron Nesmith,,,s.foul,,,shooting,,,,,,Nesmith S.FOUL (P1.T1) (T.Ford)
22200415,2022-23 Regular Season,2022-12-14,Kevon Looney,Draymond Green,Stephen Curry,Jordan Poole,Donte DiVincenzo,Myles Turner,Aaron Nesmith,Buddy Hield,Andrew Nembhard,Tyrese Haliburton,1,6,2,0:09:32,0:02:28,0:00:00,19,GSW,free throw,,,,,,,1,,2,Stephen Curry,1,,,made,,free throw 1/2,,,,,,Curry Free Throw 1 of 2 (3 PTS)
22200415,2022-23 Regular Season,2022-12-14,Kevon Looney,Draymond Green,Stephen Curry,Jordan Poole,Donte DiVincenzo,Myles Turner,Aaron Nesmith,Buddy Hield,Andrew Nembhard,Tyrese Haliburton,1,7,2,0:09:32,0:02:28,0:00:00,20,GSW,free throw,,,,,,,2,,2,Stephen Curry,1,,,made,,free throw 2/2,,,,,,Curry Free Throw 2 of 2 (4 PTS)
22200415,2022-23 Regular Season,2022-12-14,Kevon Looney,Draymond Green,Stephen Curry,Jordan Poole,Donte DiVincenzo,Myles Turner,Aaron Nesmith,Buddy Hield,Andrew Nembhard,Tyrese Haliburton,1,7,2,0:09:16,0:02:44,0:00:16,21,IND,shot,,,,,,,,,,Andrew Nembhard,0,,,missed,,3pt jump shot,23,-234,6,1.5999999999999979,88.4,MISS Nembhard 3PT Jump Shot
22200415,2022-23 Regular Season,2022-12-14,Kevon Looney,Draymond Green,Stephen Curry,Jordan Poole,Donte DiVincenzo,Myles Turner,Aaron Nesmith,Buddy Hield,Andrew Nembhard,Tyrese Haliburton,1,7,2,0:09:12,0:02:48,0:00:04,22,GSW,rebound,,,,,,,,,,Kevon Looney,,,,,,rebound defensive,,,,,,Looney REBOUND (Off:0 Def:3)
22200415,2022-23 Regular Season,2022-12-14,Kevon Looney,Draymond Green,Stephen Curry,Jordan Poole,Donte DiVincenzo,Myles Turner,Aaron Nesmith,Buddy Hield,Andrew Nembhard,Tyrese Haliburton,1,7,2,0:09:03,0:02:57,0:00:09,23,GSW,shot,,,,,,,,,,Draymond Green,0,,,missed,,cutting layup shot,3,22,21,22.8,7.1,MISS D. Green 3' Cutting Layup Shot
22200415,2022-23 Regular Season,2022-12-14,Kevon Looney,Draymond Green,Stephen Curry,Jordan Poole,Donte DiVincenzo,Myles Turner,Aaron Nesmith,Buddy Hield,Andrew Nembhard,Tyrese Haliburton,1,7,2,0:09:00,0:03:00,0:00:03,24,IND,rebound,,,,,,,,,,Tyrese Haliburton,,,,,,rebound defensive,,,,,,Haliburton REBOUND (Off:0 Def:1)
22200415,2022-23 Regular Season,2022-12-14,Kevon Looney,Draymond Green,Stephen Curry,Jordan Poole,Donte DiVincenzo,Myles Turner,Aaron Nesmith,Buddy Hield,Andrew Nembhard,Tyrese Haliburton,1,7,2,0:08:56,0:03:04,0:00:04,25,IND,shot,,,,,,,,,,Tyrese Haliburton,0,,,missed,,layup,1,9,0,25.9,89.0,MISS Haliburton 1' Running Finger Roll Layup
22200415,2022-23 Regular Season,2022-12-14,Kevon Looney,Draymond Green,Stephen Curry,Jordan Poole,Donte DiVincenzo,Myles Turner,Aaron Nesmith,Buddy Hield,Andrew Nembhard,Tyrese Haliburton,1,7,2,0:08:54,0:03:06,0:00:02,26,IND,rebound,,,,,,,,,,Tyrese Haliburton,,,,,,rebound offensive,,,,,,Haliburton REBOUND (Off:1 Def:1)
22200415,2022-23 Regular Season,2022-12-14,Kevon Looney,Draymond Green,Stephen Curry,Jordan Poole,Donte DiVincenzo,Myles Turner,Aaron Nesmith,Buddy Hield,Andrew Nembhard,Tyrese Haliburton,1,7,2,0:08:52,0:03:08,0:00:02,27,IND,shot,,,,,,,,,,Buddy Hield,0,,,missed,,3pt jump shot,27,-88,259,16.2,63.099999999999994,MISS Hield 27' 3PT Jump Shot
22200415,2022-23 Regular Season,2022-12-14,Kevon Looney,Draymond Green,Stephen Curry,Jordan Poole,Donte DiVincenzo,Myles Turner,Aaron Nesmith,Buddy Hield,Andrew Nembhard,Tyrese Haliburton,1,7,2,0:08:50,0:03:10,0:00:02,28,GSW,rebound,,,,,,,,,,Donte DiVincenzo,,,,,,rebound defensive,,,,,,DiVincenzo REBOUND (Off:0 Def:2)
22200415,2022-23 Regular Season,2022-12-14,Kevon Looney,Draymond Green,Stephen Curry,Jordan Poole,Donte DiVincenzo,Myles Turner,Aaron Nesmith,Buddy Hield,Andrew Nembhard,Tyrese Haliburton,1,7,2,0:08:45,0:03:15,0:00:05,29,GSW,shot,,,,,,,,,,Jordan Poole,0,,,missed,,layup,2,-20,6,27.0,5.6,MISS Poole 2' Running Finger Roll Layup
22200415,2022-23 Regular Season,2022-12-14,Kevon Looney,Draymond Green,Stephen Curry,Jordan Poole,Donte DiVincenzo,Myles Turner,Aaron Nesmith,Buddy Hield,Andrew Nembhard,Tyrese Haliburton,1,7,2,0:08:42,0:03:18,0:00:03,30,IND,rebound,,,,,,,,,,Aaron Nesmith,,,,,,rebound defensive,,,,,,Nesmith REBOUND (Off:0 Def:1)
22200415,2022-23 Regular Season,2022-12-14,Kevon Looney,Draymond Green,Stephen Curry,Jordan Poole,Donte DiVincenzo,Myles Turner,Aaron Nesmith,Buddy Hield,Andrew Nembhard,Tyrese Haliburton,1,7,4,0:08:37,0:03:23,0:00:05,31,IND,shot,Buddy Hield,,,,,,,,,Myles Turner,2,,,made,,cutting finger roll layup shot,2,12,12,26.2,87.8,Turner 2' Cutting Finger Roll Layup Shot (2 PTS) (Hield 1 AST)
22200415,2022-23 Regular Season,2022-12-14,Kevon Looney,Draymond Green,Stephen Curry,Jordan Poole,Donte DiVincenzo,Myles Turner,Aaron Nesmith,Buddy Hield,Andrew Nembhard,Tyrese Haliburton,1,7,4,0:08:37,0:03:23,0:00:00,32,GSW,foul,,,,,,,,Myles Turner,,Donte DiVincenzo,,,s.foul,,,shooting,,,,,,DiVincenzo S.FOUL (P1.T2) (T.Ford)
22200415,2022-23 Regular Season,2022-12-14,Kevon Looney,Draymond Green,Stephen Curry,Jordan Poole,Donte DiVincenzo,Myles Turner,Aaron Nesmith,Buddy Hield,Andrew Nembhard,Tyrese Haliburton,1,7,4,0:08:37,0:03:23,0:00:00,33,IND,free throw,,,,,,,1,,1,Myles Turner,0,,,missed,,free throw 1/1,,,,,,MISS Turner Free Throw 1 of 1
22200415,2022-23 Regular Season,2022-12-14,Kevon Looney,Draymond Green,Stephen Curry,Jordan Poole,Donte DiVincenzo,Myles Turner,Aaron Nesmith,Buddy Hield,Andrew Nembhard,Tyrese Haliburton,1,7,4,0:08:35,0:03:25,0:00:02,34,GSW,rebound,,,,,,,,,,Draymond Green,,,,,,rebound defensive,,,,,,D. Green REBOUND (Off:0 Def:1)
22200415,2022-23 Regular Season,2022-12-14,Kevon Looney,Draymond Green,Stephen Curry,Jordan Poole,Donte DiVincenzo,Myles Turner,Aaron Nesmith,Buddy Hield,Andrew Nembhard,Tyrese Haliburton,1,7,4,0:08:24,0:03:36,0:00:11,35,GSW,shot,,,,,,,,,,Jordan Poole,0,,,missed,,jump shot,20,124,161,12.6,21.1,MISS Poole 20' Pullup Jump Shot
22200415,2022-23 Regular Season,2022-12-14,Kevon Looney,Draymond Green,Stephen Curry,Jordan Poole,Donte DiVincenzo,Myles Turner,Aaron Nesmith,Buddy Hield,Andrew Nembhard,Tyrese Haliburton,1,7,4,0:08:21,0:03:39,0:00:03,36,IND,rebound,,,,,,,,,,Myles Turner,,,,,,rebound defensive,,,,,,Turner REBOUND (Off:0 Def:1)
22200415,2022-23 Regular Season,2022-12-14,Kevon Looney,Draymond Green,Stephen Curry,Jordan Poole,Donte DiVincenzo,Myles Turner,Aaron Nesmith,Buddy Hield,Andrew Nembhard,Tyrese Haliburton,1,7,4,0:08:08,0:03:52,0:00:13,37,IND,shot,,,,,,,,,,Aaron Nesmith,0,,,missed,,3pt jump shot,24,234,28,48.400000000000006,86.2,MISS Nesmith 24' 3PT Jump Shot
22200415,2022-23 Regular Season,2022-12-14,Kevon Looney,Draymond Green,Stephen Curry,Jordan Poole,Donte DiVincenzo,Myles Turner,Aaron Nesmith,Buddy Hield,Andrew Nembhard,Tyrese Haliburton,1,7,4,0:08:05,0:03:55,0:00:03,38,GSW,rebound,,,,,,,,,,Stephen Curry,,,,,,rebound defensive,,,,,,Curry REBOUND (Off:0 Def:1)
22200415,2022-23 Regular Season,2022-12-14,Kevon Looney,Draymond Green,Stephen Curry,Jordan Poole,Donte DiVincenzo,Myles Turner,Aaron Nesmith,Buddy Hield,Andrew Nembhard,Tyrese Haliburton,1,10,4,0:07:53,0:04:07,0:00:12,39,GSW,shot,Kevon Looney,,,,,,,,,Stephen Curry,3,,,made,,3pt fadeaway jumper,25,146,206,10.399999999999999,25.6,Curry 25' 3PT Fadeaway Jumper (7 PTS) (Looney 2 AST)
22200415,2022-23 Regular Season,2022-12-14,Kevon Looney,Draymond Green,Stephen Curry,Jordan Poole,Donte DiVincenzo,Myles Turner,Aaron Nesmith,Buddy Hield,Andrew Nembhard,Tyrese Haliburton,1,10,4,0:07:53,0:04:07,0:00:00,40,IND,foul,,,,,,,,Stephen Curry,,Myles Turner,,,s.foul,,,shooting,,,,,,Turner S.FOUL (P1.T2) (J.Goldenberg)
22200415,2022-23 Regular Season,2022-12-14,Kevon Looney,Draymond Green,Stephen Curry,Jordan Poole,Donte DiVincenzo,Myles Turner,Aaron Nesmith,Buddy Hield,Andrew Nembhard,Tyrese Haliburton,1,11,4,0:07:53,0:04:07,0:00:00,41,GSW,free throw,,,,,,,1,,1,Stephen Curry,1,,,made,,free throw 1/1,,,,,,Curry Free Throw 1 of 1 (8 PTS)
22200415,2022-23 Regular Season,2022-12-14,Kevon Looney,Draymond Green,Stephen Curry,Jordan Poole,Donte DiVincenzo,Myles Turner,Aaron Nesmith,Buddy Hield,Andrew Nembhard,Tyrese Haliburton,1,11,4,0:07:41,0:04:19,0:00:12,42,GSW,foul,,,,,,,,Myles Turner,,Kevon Looney,,,s.foul,,,shooting,,,,,,Looney S.FOUL (P1.T3) (J.Goldenberg)
22200415,2022-23 Regular Season,2022-12-14,Kevon Looney,Draymond Green,Stephen Curry,Jordan Poole,Donte DiVincenzo,Myles Turner,Aaron Nesmith,Buddy Hield,Andrew Nembhard,Tyrese Haliburton,1,11,5,0:07:41,0:04:19,0:00:00,43,IND,free throw,,,,,,,1,,2,Myles Turner,1,,,made,,free throw 1/2,,,,,,Turner Free Throw 1 of 2 (3 PTS)
22200415,2022-23 Regular Season,2022-12-14,Kevon Looney,Draymond Green,Stephen Curry,Jordan Poole,Donte DiVincenzo,Myles Turner,Aaron Nesmith,Buddy Hield,Andrew Nembhard,Tyrese Haliburton,1,11,6,0:07:41,0:04:19,0:00:00,44,IND,free throw,,,,,,,2,,2,Myles Turner,1,,,made,,free throw 2/2,,,,,,Turner Free Throw 2 of 2 (4 PTS)
22200415,2022-23 Regular Season,2022-12-14,Kevon Looney,Draymond Green,Stephen Curry,Jordan Poole,Donte DiVincenzo,Myles Turner,Aaron Nesmith,Buddy Hield,Andrew Nembhard,Tyrese Haliburton,1,13,6,0:07:27,0:04:33,0:00:14,45,GSW,shot,Draymond Green,,,,,,,,,Jordan Poole,2,,,made,,layup,2,-22,6,27.2,5.6,Poole 2' Reverse Layup (2 PTS) (D. Green 1 AST)
22200415,2022-23 Regular Season,2022-12-14,Kevon Looney,Draymond Green,Stephen Curry,Jordan Poole,Donte DiVincenzo,Myles Turner,Aaron Nesmith,Buddy Hield,Andrew Nembhard,Tyrese Haliburton,1,13,6,0:07:27,0:04:33,0:00:00,46,IND,timeout,,,,,,,,,,,,,,,,timeout: regular,,,,,,PACERS Timeout: Regular (Full 1 Short 0)
22200415,2022-23 Regular Season,2022-12-14,Kevon Looney,Draymond Green,Stephen Curry,Jordan Poole,Donte DiVincenzo,Myles Turner,Aaron Nesmith,Bennedict Mathurin,Andrew Nembhard,Tyrese Haliburton,1,13,6,0:07:27,0:04:33,0:00:00,47,IND,substitution,,,,,Bennedict Mathurin,Buddy Hield,,,,Buddy Hield,,,,,,sub,,,,,,SUB: Mathurin FOR Hield
22200415,2022-23 Regular Season,2022-12-14,Kevon Looney,Draymond Green,Stephen Curry,Jordan Poole,Donte DiVincenzo,Myles Turner,Aaron Nesmith,Bennedict Mathurin,Andrew Nembhard,Tyrese Haliburton,1,13,9,0:07:12,0:04:48,0:00:15,48,IND,shot,Andrew Nembhard,,,,,,,,,Tyrese Haliburton,3,,,made,,3pt jump shot,26,-132,221,11.799999999999999,66.9,Haliburton 26' 3PT Jump Shot (3 PTS) (Nembhard 1 AST)
22200415,2022-23 Regular Season,2022-12-14,Kevon Looney,Draymond Green,Stephen Curry,Jordan Poole,Donte DiVincenzo,Myles Turner,Aaron Nesmith,Bennedict Mathurin,Andrew Nembhard,Tyrese Haliburton,1,15,9,0:06:59,0:05:01,0:00:13,49,GSW,shot,,,,,,,,,,Stephen Curry,2,,,made,,layup,4,25,26,22.5,7.6,Curry 4' Driving Finger Roll Layup (10 PTS)
22200415,2022-23 Regular Season,2022-12-14,Kevon Looney,Draymond Green,Stephen Curry,Jordan Poole,Donte DiVincenzo,Myles Turner,Aaron Nesmith,Bennedict Mathurin,Andrew Nembhard,Tyrese Haliburton,1,15,9,0:06:47,0:05:13,0:00:12,50,IND,turnover,,,,,,,,,,Tyrese Haliburton,,,bad pass,,Stephen Curry,bad pass,,,,,,Haliburton Bad Pass Turnover (P1.T1): Curry STEAL (1 STL)
22200415,2022-23 Regular Season,2022-12-14,Kevon Looney,Draymond Green,Stephen Curry,Jordan Poole,Donte DiVincenzo,Myles Turner,Aaron Nesmith,Bennedict Mathurin,Andrew Nembhard,Tyrese Haliburton,1,17,9,0:06:43,0:05:17,0:00:04,51,GSW,shot,Stephen Curry,,,,,,,,,Jordan Poole,2,,,made,,layup,4,29,26,22.1,7.6,Poole 4' Running Layup (4 PTS) (Curry 1 AST)
22200415,2022-23 Regular Season,2022-12-14,Kevon Looney,Draymond Green,Stephen Curry,Jordan Poole,Donte DiVincenzo,Myles Turner,Aaron Nesmith,Bennedict Mathurin,Andrew Nembhard,Tyrese Haliburton,1,17,9,0:06:26,0:05:34,0:00:17,52,IND,shot,,,,,,,,,,Andrew Nembhard,0,,,missed,,jump shot,19,-80,169,17.0,72.1,MISS Nembhard 19' Step Back Jump Shot
22200415,2022-23 Regular Season,2022-12-14,Kevon Looney,Draymond Green,Stephen Curry,Jordan Poole,Donte DiVincenzo,Myles Turner,Aaron Nesmith,Bennedict Mathurin,Andrew Nembhard,Tyrese Haliburton,1,17,9,0:06:24,0:05:36,0:00:02,53,GSW,rebound,,,,,,,,,,Donte DiVincenzo,,,,,,rebound defensive,,,,,,DiVincenzo REBOUND (Off:0 Def:3)
22200415,2022-23 Regular Season,2022-12-14,Kevon Looney,Draymond Green,Stephen Curry,Jordan Poole,Donte DiVincenzo,Myles Turner,Aaron Nesmith,Bennedict Mathurin,Andrew Nembhard,Tyrese Haliburton,1,17,9,0:06:02,0:05:58,0:00:22,54,GSW,shot,,,,Tyrese Haliburton,,,,,,Jordan Poole,0,,,missed,,3pt jump shot,26,-224,127,47.400000000000006,17.700000000000003,Haliburton BLOCK (1 BLK): MISS Poole 26' 3PT Jump Shot
22200415,2022-23 Regular Season,2022-12-14,Kevon Looney,Draymond Green,Stephen Curry,Jordan Poole,Donte DiVincenzo,Myles Turner,Aaron Nesmith,Bennedict Mathurin,Andrew Nembhard,Tyrese Haliburton,1,17,9,0:05:59,0:06:01,0:00:03,55,GSW,rebound,,,,,,,,,,Jordan Poole,,,,,,rebound offensive,,,,,,Poole REBOUND (Off:2 Def:0)
22200415,2022-23 Regular Season,2022-12-14,Kevon Looney,Draymond Green,Stephen Curry,Jordan Poole,Donte DiVincenzo,Myles Turner,Aaron Nesmith,Bennedict Mathurin,Andrew Nembhard,Tyrese Haliburton,1,17,9,0:05:59,0:06:01,0:00:00,56,GSW,shot,,,,,,,,,,Jordan Poole,0,,,missed,,3pt jump shot,27,-168,209,41.8,25.900000000000002,MISS Poole 27' 3PT Jump Shot
22200415,2022-23 Regular Season,2022-12-14,Kevon Looney,Draymond Green,Stephen Curry,Jordan Poole,Donte DiVincenzo,Myles Turner,Aaron Nesmith,Bennedict Mathurin,Andrew Nembhard,Tyrese Haliburton,1,17,9,0:05:57,0:06:03,0:00:02,57,IND,rebound,,,,,,,,,,Bennedict Mathurin,,,,,,rebound defensive,,,,,,Mathurin REBOUND (Off:0 Def:1)
22200415,2022-23 Regular Season,2022-12-14,Kevon Looney,Draymond Green,Stephen Curry,Jordan Poole,Donte DiVincenzo,Myles Turner,Aaron Nesmith,Bennedict Mathurin,Andrew Nembhard,Tyrese Haliburton,1,17,11,0:05:54,0:06:06,0:00:03,58,IND,shot,Bennedict Mathurin,,,,,,,,,Myles Turner,2,,,made,,dunk,1,6,13,25.6,87.7,Turner 1' Running Dunk (6 PTS) (Mathurin 1 AST)
22200415,2022-23 Regular Season,2022-12-14,Kevon Looney,Draymond Green,Stephen Curry,Jordan Poole,Donte DiVincenzo,Myles Turner,Aaron Nesmith,Bennedict Mathurin,Andrew Nembhard,Tyrese Haliburton,1,17,11,0:05:24,0:06:36,0:00:30,59,GSW,shot,,,,,,,,,,Kevon Looney,0,,,missed,,jump shot,23,-33,229,28.3,27.900000000000002,MISS Looney 23' Pullup Jump Shot
22200415,2022-23 Regular Season,2022-12-14,Kevon Looney,Draymond Green,Stephen Curry,Jordan Poole,Donte DiVincenzo,Myles Turner,Aaron Nesmith,Bennedict Mathurin,Andrew Nembhard,Tyrese Haliburton,1,17,11,0:05:22,0:06:38,0:00:02,60,GSW,rebound,,,,,,,,,,,,,,,,team rebound,,,,,,Warriors Rebound
22200415,2022-23 Regular Season,2022-12-14,Kevon Looney,Draymond Green,Stephen Curry,Jordan Poole,Donte DiVincenzo,Myles Turner,Aaron Nesmith,Bennedict Mathurin,Andrew Nembhard,Tyrese Haliburton,1,17,11,0:05:22,0:06:38,0:00:00,61,GSW,turnover,,,,,,,,,,,,,,,,shot clock,,,,,,Warriors Turnover: Shot Clock (T#3)
22200415,2022-23 Regular Season,2022-12-14,Kevon Looney,Draymond Green,Stephen Curry,Jordan Poole,Donte DiVincenzo,Myles Turner,Aaron Nesmith,Bennedict Mathurin,Andrew Nembhard,Tyrese Haliburton,1,17,11,0:05:11,0:06:49,0:00:11,62,IND,turnover,,,,,,,,,,Myles Turner,,,bad pass,,Jordan Poole,bad pass,,,,,,Turner Bad Pass Turnover (P1.T2): Poole STEAL (1 STL)
22200415,2022-23 Regular Season,2022-12-14,Kevon Looney,Draymond Green,Stephen Curry,Jordan Poole,Donte DiVincenzo,Myles Turner,Aaron Nesmith,Bennedict Mathurin,Andrew Nembhard,Tyrese Haliburton,1,20,11,0:05:02,0:06:58,0:00:09,63,GSW,shot,Jordan Poole,,,,,,,,,Stephen Curry,3,,,made,,3pt jump shot,23,233,15,1.6999999999999993,6.5,Curry 3PT Jump Shot (13 PTS) (Poole 2 AST)
22200415,2022-23 Regular Season,2022-12-14,Kevon Looney,Draymond Green,Stephen Curry,Jordan Poole,Donte DiVincenzo,Myles Turner,Aaron Nesmith,Bennedict Mathurin,Andrew Nembhard,Tyrese Haliburton,1,20,11,0:04:53,0:07:07,0:00:09,64,IND,shot,,,,,,,,,,Tyrese Haliburton,0,,,missed,,3pt pullup jump shot,26,129,222,37.9,66.8,MISS Haliburton 26' 3PT Pullup Jump Shot
22200415,2022-23 Regular Season,2022-12-14,Kevon Looney,Draymond Green,Stephen Curry,Jordan Poole,Donte DiVincenzo,Myles Turner,Aaron Nesmith,Bennedict Mathurin,Andrew Nembhard,Tyrese Haliburton,1,20,11,0:04:50,0:07:10,0:00:03,65,GSW,rebound,,,,,,,,,,Jordan Poole,,,,,,rebound defensive,,,,,,Poole REBOUND (Off:2 Def:1)
22200415,2022-23 Regular Season,2022-12-14,Kevon Looney,Draymond Green,Stephen Curry,Jordan Poole,Donte DiVincenzo,Myles Turner,Aaron Nesmith,Bennedict Mathurin,Andrew Nembhard,Tyrese Haliburton,1,20,11,0:04:37,0:07:23,0:00:13,66,GSW,shot,,,,,,,,,,Stephen Curry,0,,,missed,,3pt pullup jump shot,28,78,267,17.2,31.700000000000003,MISS Curry 28' 3PT Pullup Jump Shot
22200415,2022-23 Regular Season,2022-12-14,Kevon Looney,Draymond Green,Stephen Curry,Jordan Poole,Donte DiVincenzo,Myles Turner,Aaron Nesmith,Bennedict Mathurin,Andrew Nembhard,Tyrese Haliburton,1,20,11,0:04:33,0:07:27,0:00:04,67,IND,rebound,,,,,,,,,,Myles Turner,,,,,,rebound defensive,,,,,,Turner REBOUND (Off:0 Def:2)
22200415,2022-23 Regular Season,2022-12-14,Kevon Looney,Draymond Green,Stephen Curry,Jordan Poole,Donte DiVincenzo,Myles Turner,Aaron Nesmith,Bennedict Mathurin,Andrew Nembhard,Tyrese Haliburton,1,20,11,0:04:25,0:07:35,0:00:08,68,IND,shot,,,,,,,,,,Myles Turner,0,,,missed,,3pt jump shot,26,136,216,38.6,67.4,MISS Turner 26' 3PT Jump Shot
22200415,2022-23 Regular Season,2022-12-14,Kevon Looney,Draymond Green,Stephen Curry,Jordan Poole,Donte DiVincenzo,Myles Turner,Aaron Nesmith,Bennedict Mathurin,Andrew Nembhard,Tyrese Haliburton,1,20,11,0:04:22,0:07:38,0:00:03,69,GSW,rebound,,,,,,,,,,Stephen Curry,,,,,,rebound defensive,,,,,,Curry REBOUND (Off:0 Def:2)
22200415,2022-23 Regular Season,2022-12-14,Kevon Looney,Draymond Green,Stephen Curry,Jordan Poole,Donte DiVincenzo,Myles Turner,Aaron Nesmith,Bennedict Mathurin,Andrew Nembhard,Tyrese Haliburton,1,20,11,0:04:14,0:07:46,0:00:08,70,GSW,shot,,,,,,,,,,Donte DiVincenzo,0,,,missed,,3pt jump shot,25,157,195,9.299999999999999,24.5,MISS DiVincenzo 25' 3PT Jump Shot
22200415,2022-23 Regular Season,2022-12-14,Kevon Looney,Draymond Green,Stephen Curry,Jordan Poole,Donte DiVincenzo,Myles Turner,Aaron Nesmith,Bennedict Mathurin,Andrew Nembhard,Tyrese Haliburton,1,20,11,0:04:14,0:07:46,0:00:00,71,IND,rebound,,,,,,,,,,,,,,,,rebound defensive,,,,,,PACERS Rebound
22200415,2022-23 Regular Season,2022-12-14,Kevon Looney,Draymond Green,Stephen Curry,Ty Jerome,Donte DiVincenzo,Myles Turner,Aaron Nesmith,Bennedict Mathurin,Andrew Nembhard,Tyrese Haliburton,1,20,11,0:04:14,0:07:46,0:00:00,72,GSW,substitution,,,,,Ty Jerome,Jordan Poole,,,,Jordan Poole,,,,,,sub,,,,,,SUB: Jerome FOR Poole
22200415,2022-23 Regular Season,2022-12-14,Kevon Looney,Anthony Lamb,Stephen Curry,Ty Jerome,Donte DiVincenzo,Myles Turner,Aaron Nesmith,Bennedict Mathurin,Andrew Nembhard,Tyrese Haliburton,1,20,11,0:04:14,0:07:46,0:00:00,73,GSW,substitution,,,,,Anthony Lamb,Draymond Green,,,,Draymond Green,,,,,,sub,,,,,,SUB: Lamb FOR D. Green
22200415,2022-23 Regular Season,2022-12-14,Kevon Looney,Anthony Lamb,Stephen Curry,Ty Jerome,Donte DiVincenzo,Myles Turner,Aaron Nesmith,Bennedict Mathurin,Andrew Nembhard,Tyrese Haliburton,1,20,13,0:04:01,0:07:59,0:00:13,74,IND,shot,Myles Turner,,,,,,,,,Bennedict Mathurin,2,,,made,,layup,3,-22,13,22.8,87.7,Mathurin 3' Driving Finger Roll Layup (2 PTS) (Turner 1 AST)
22200415,2022-23 Regular Season,2022-12-14,Kevon Looney,Anthony Lamb,Stephen Curry,Ty Jerome,Donte DiVincenzo,Myles Turner,Aaron Nesmith,Bennedict Mathurin,Andrew Nembhard,Tyrese Haliburton,1,20,13,0:03:43,0:08:17,0:00:18,75,GSW,turnover,,,,,,,,,,Anthony Lamb,,,traveling,,,traveling,,,,,,Lamb Traveling Turnover (P1.T4)
22200415,2022-23 Regular Season,2022-12-14,Kevon Looney,Anthony Lamb,Stephen Curry,Ty Jerome,Donte DiVincenzo,Myles Turner,Oshae Brissett,Bennedict Mathurin,Andrew Nembhard,Tyrese Haliburton,1,20,13,0:03:43,0:08:17,0:00:00,76,IND,substitution,,,,,Oshae Brissett,Aaron Nesmith,,,,Aaron Nesmith,,,,,,sub,,,,,,SUB: Brissett FOR Nesmith
22200415,2022-23 Regular Season,2022-12-14,Kevon Looney,Anthony Lamb,Stephen Curry,Ty Jerome,Jonathan Kuminga,Myles Turner,Oshae Brissett,Bennedict Mathurin,Andrew Nembhard,Tyrese Haliburton,1,20,13,0:03:43,0:08:17,0:00:00,77,GSW,substitution,,,,,Jonathan Kuminga,Donte DiVincenzo,,,,Donte DiVincenzo,,,,,,sub,,,,,,SUB: Kuminga FOR DiVincenzo
22200415,2022-23 Regular Season,2022-12-14,JaMychal Green,Anthony Lamb,Stephen Curry,Ty Jerome,Jonathan Kuminga,Myles Turner,Oshae Brissett,Bennedict Mathurin,Andrew Nembhard,Tyrese Haliburton,1,20,13,0:03:43,0:08:17,0:00:00,78,GSW,substitution,,,,,JaMychal Green,Kevon Looney,,,,Kevon Looney,,,,,,sub,,,,,,SUB: J. Green FOR Looney
22200415,2022-23 Regular Season,2022-12-14,JaMychal Green,Anthony Lamb,Stephen Curry,Ty Jerome,Jonathan Kuminga,Myles Turner,Oshae Brissett,Bennedict Mathurin,Andrew Nembhard,Tyrese Haliburton,1,20,15,0:03:30,0:08:30,0:00:13,79,IND,shot,,,,,,,,,,Myles Turner,2,,,made,,layup,2,12,11,26.2,87.9,Turner 2' Driving Finger Roll Layup (8 PTS)
22200415,2022-23 Regular Season,2022-12-14,JaMychal Green,Anthony Lamb,Stephen Curry,Ty Jerome,Jonathan Kuminga,Myles Turner,Oshae Brissett,Bennedict Mathurin,Andrew Nembhard,T.J. McConnell,1,20,15,0:03:21,0:08:39,0:00:09,80,IND,substitution,,,,,T.J. McConnell,Tyrese Haliburton,,,,Tyrese Haliburton,,,,,,sub,,,,,,SUB: McConnell FOR Haliburton
22200415,2022-23 Regular Season,2022-12-14,JaMychal Green,Anthony Lamb,Stephen Curry,Ty Jerome,Jonathan Kuminga,Myles Turner,Oshae Brissett,Bennedict Mathurin,Buddy Hield,T.J. McConnell,1,20,15,0:03:21,0:08:39,0:00:00,81,IND,substitution,,,,,Buddy Hield,Andrew Nembhard,,,,Andrew Nembhard,,,,,,sub,,,,,,SUB: Hield FOR Nembhard
22200415,2022-23 Regular Season,2022-12-14,JaMychal Green,Anthony Lamb,Stephen Curry,Ty Jerome,Jonathan Kuminga,Myles Turner,Oshae Brissett,Bennedict Mathurin,Buddy Hield,T.J. McConnell,1,20,15,0:03:21,0:08:39,0:00:00,82,GSW,timeout,,,,,,,,,,,,,,,,timeout: regular,,,,,,Warriors Timeout: Regular (Reg.1 Short 0)
22200415,2022-23 Regular Season,2022-12-14,JaMychal Green,Anthony Lamb,Stephen Curry,Ty Jerome,Jonathan Kuminga,Jalen Smith,Oshae Brissett,Bennedict Mathurin,Buddy Hield,T.J. McConnell,1,20,15,0:03:21,0:08:39,0:00:00,83,IND,substitution,,,,,Jalen Smith,Myles Turner,,,,Myles Turner,,,,,,sub,,,,,,SUB: Smith FOR Turner
22200415,2022-23 Regular Season,2022-12-14,JaMychal Green,Anthony Lamb,Stephen Curry,Ty Jerome,Jonathan Kuminga,Jalen Smith,Oshae Brissett,Bennedict Mathurin,Buddy Hield,T.J. McConnell,1,22,15,0:03:15,0:08:45,0:00:06,84,GSW,shot,Ty Jerome,,,,,,,,,Stephen Curry,2,,,made,,layup,3,26,13,22.4,6.3,Curry 3' Driving Finger Roll Layup (15 PTS) (Jerome 1 AST)
22200415,2022-23 Regular Season,2022-12-14,JaMychal Green,Anthony Lamb,Stephen Curry,Ty Jerome,Jonathan Kuminga,Jalen Smith,Oshae Brissett,Bennedict Mathurin,Buddy Hield,T.J. McConnell,1,22,18,0:03:02,0:08:58,0:00:13,85,IND,shot,T.J. McConnell,,,,,,,,,Buddy Hield,3,,,made,,3pt jump shot,25,-1,251,24.9,63.9,Hield 25' 3PT Jump Shot (5 PTS) (McConnell 1 AST)
22200415,2022-23 Regular Season,2022-12-14,JaMychal Green,Anthony Lamb,Stephen Curry,Ty Jerome,Jonathan Kuminga,Jalen Smith,Oshae Brissett,Bennedict Mathurin,Buddy Hield,T.J. McConnell,1,22,18,0:02:47,0:09:13,0:00:15,86,GSW,foul,,,,,,,,T.J. McConnell,,Stephen Curry,,,,,,offensive,,,,,,Curry OFF.Foul (P2) (N.Buchert)
22200415,2022-23 Regular Season,2022-12-14,JaMychal Green,Anthony Lamb,Stephen Curry,Ty Jerome,Jonathan Kuminga,Jalen Smith,Oshae Brissett,Bennedict Mathurin,Buddy Hield,T.J. McConnell,1,22,18,0:02:47,0:09:13,0:00:00,87,GSW,turnover,,,,,,,,,,Stephen Curry,,,offensive foul turnover,,,offensive foul,,,,,,Curry Offensive Foul Turnover (P1.T5)
22200415,2022-23 Regular Season,2022-12-14,JaMychal Green,Anthony Lamb,Stephen Curry,Ty Jerome,Jonathan Kuminga,Jalen Smith,Oshae Brissett,Bennedict Mathurin,Buddy Hield,T.J. McConnell,1,22,20,0:02:40,0:09:20,0:00:07,88,IND,shot,T.J. McConnell,,,,,,,,,Buddy Hield,2,,,made,,layup,2,20,11,27.0,87.9,Hield 2' Driving Finger Roll Layup (7 PTS) (McConnell 2 AST)
22200415,2022-23 Regular Season,2022-12-14,JaMychal Green,Anthony Lamb,Stephen Curry,Ty Jerome,Jonathan Kuminga,Jalen Smith,Oshae Brissett,Bennedict Mathurin,Buddy Hield,T.J. McConnell,1,22,20,0:02:22,0:09:38,0:00:18,89,GSW,shot,,,,,,,,,,Jonathan Kuminga,0,,,missed,,layup,2,20,11,23.0,6.1,MISS Kuminga 2' Driving Finger Roll Layup
22200415,2022-23 Regular Season,2022-12-14,JaMychal Green,Anthony Lamb,Stephen Curry,Ty Jerome,Jonathan Kuminga,Jalen Smith,Oshae Brissett,Bennedict Mathurin,Buddy Hield,T.J. McConnell,1,22,20,0:02:20,0:09:40,0:00:02,90,IND,rebound,,,,,,,,,,Jalen Smith,,,,,,rebound defensive,,,,,,Smith REBOUND (Off:0 Def:1)
22200415,2022-23 Regular Season,2022-12-14,JaMychal Green,Anthony Lamb,Stephen Curry,Ty Jerome,Jonathan Kuminga,Jalen Smith,Oshae Brissett,Bennedict Mathurin,Buddy Hield,T.J. McConnell,1,22,20,0:02:08,0:09:52,0:00:12,91,IND,shot,,,,,,,,,,Oshae Brissett,0,,,missed,,driving layup,3,-31,15,21.9,87.5,MISS Brissett 3' Driving Layup
22200415,2022-23 Regular Season,2022-12-14,JaMychal Green,Anthony Lamb,Stephen Curry,Ty Jerome,Jonathan Kuminga,Jalen Smith,Oshae Brissett,Bennedict Mathurin,Buddy Hield,T.J. McConnell,1,22,20,0:02:05,0:09:55,0:00:03,92,GSW,rebound,,,,,,,,,,Ty Jerome,,,,,,rebound defensive,,,,,,Jerome REBOUND (Off:0 Def:1)
22200415,2022-23 Regular Season,2022-12-14,JaMychal Green,Anthony Lamb,Stephen Curry,Ty Jerome,Jonathan Kuminga,Jalen Smith,Oshae Brissett,Bennedict Mathurin,Buddy Hield,T.J. McConnell,1,24,20,0:01:57,0:10:03,0:00:08,93,GSW,shot,,,,,,,,,,Anthony Lamb,2,,,made,,driving reverse layup,3,25,22,22.5,7.2,Lamb 3' Driving Reverse Layup (2 PTS)
22200415,2022-23 Regular Season,2022-12-14,JaMychal Green,Anthony Lamb,Stephen Curry,Ty Jerome,Jonathan Kuminga,Jalen Smith,Oshae Brissett,Bennedict Mathurin,Buddy Hield,T.J. McConnell,1,24,20,0:01:41,0:10:19,0:00:16,94,IND,shot,,,,,,,,,,Jalen Smith,0,,,missed,,3pt jump shot,27,-25,265,22.5,62.5,MISS Smith 27' 3PT Jump Shot
22200415,2022-23 Regular Season,2022-12-14,JaMychal Green,Anthony Lamb,Stephen Curry,Ty Jerome,Jonathan Kuminga,Jalen Smith,Oshae Brissett,Bennedict Mathurin,Buddy Hield,T.J. McConnell,1,24,20,0:01:38,0:10:22,0:00:03,95,GSW,rebound,,,,,,,,,,Anthony Lamb,,,,,,rebound defensive,,,,,,Lamb REBOUND (Off:0 Def:1)
22200415,2022-23 Regular Season,2022-12-14,JaMychal Green,Anthony Lamb,Stephen Curry,Ty Jerome,Jonathan Kuminga,Jalen Smith,Oshae Brissett,Bennedict Mathurin,Buddy Hield,T.J. McConnell,1,24,20,0:01:27,0:10:33,0:00:11,96,GSW,turnover,,,,,,,,,,Ty Jerome,,,traveling,,,traveling,,,,,,Jerome Traveling Turnover (P1.T6)
22200415,2022-23 Regular Season,2022-12-14,JaMychal Green,Anthony Lamb,Stephen Curry,Ty Jerome,Jonathan Kuminga,Jalen Smith,Oshae Brissett,Bennedict Mathurin,Buddy Hield,T.J. McConnell,1,24,22,0:01:09,0:10:51,0:00:18,97,IND,shot,,,,,,,,,,Buddy Hield,2,,,made,,fadeaway jumper,18,-94,158,15.6,73.2,Hield 18' Fadeaway Jumper (9 PTS)
22200415,2022-23 Regular Season,2022-12-14,JaMychal Green,Anthony Lamb,Stephen Curry,Ty Jerome,Jonathan Kuminga,Jalen Smith,Oshae Brissett,Bennedict Mathurin,Buddy Hield,T.J. McConnell,1,24,22,0:00:55,0:11:05,0:00:14,98,IND,foul,,,,,,,,Stephen Curry,,Buddy Hield,,,p.foul,,,personal,,,,,,Hield P.FOUL (P1.T3) (J.Goldenberg)
22200415,2022-23 Regular Season,2022-12-14,JaMychal Green,Anthony Lamb,Stephen Curry,Ty Jerome,Jonathan Kuminga,Jalen Smith,Oshae Brissett,Bennedict Mathurin,Buddy Hield,T.J. McConnell,1,24,22,0:00:48,0:11:12,0:00:07,99,GSW,shot,,,,,,,,,,Stephen Curry,0,,,missed,,3pt pullup jump shot,25,-232,93,48.2,14.3,MISS Curry 25' 3PT Pullup Jump Shot
22200415,2022-23 Regular Season,2022-12-14,JaMychal Green,Anthony Lamb,Stephen Curry,Ty Jerome,Jonathan Kuminga,Jalen Smith,Oshae Brissett,Bennedict Mathurin,Buddy Hield,T.J. McConnell,1,24,22,0:00:44,0:11:16,0:00:04,100,IND,rebound,,,,,,,,,,Jalen Smith,,,,,,rebound defensive,,,,,,Smith REBOUND (Off:0 Def:2)
22200415,2022-23 Regular Season,2022-12-14,JaMychal Green,Anthony Lamb,Stephen Curry,Ty Jerome,Jonathan Kuminga,Jalen Smith,Oshae Brissett,Bennedict Mathurin,Buddy Hield,T.J. McConnell,1,24,24,0:00:40,0:11:20,0:00:04,101,IND,shot,,,,,,,,,,T.J. McConnell,2,,,made,,layup,2,-21,13,22.9,87.7,McConnell 2' Running Finger Roll Layup (2 PTS)
22200415,2022-23 Regular Season,2022-12-14,JaMychal Green,Anthony Lamb,Stephen Curry,Ty Jerome,Jonathan Kuminga,Jalen Smith,Oshae Brissett,Bennedict Mathurin,Buddy Hield,T.J. McConnell,1,24,24,0:00:40,0:11:20,0:00:00,102,GSW,foul,,,,,,,,T.J. McConnell,,Ty Jerome,,,s.foul,,,shooting,,,,,,Jerome S.FOUL (P1.T4) (J.Goldenberg)
22200415,2022-23 Regular Season,2022-12-14,JaMychal Green,Anthony Lamb,Stephen Curry,Ty Jerome,Jonathan Kuminga,Jalen Smith,Oshae Brissett,Bennedict Mathurin,Buddy Hield,T.J. McConnell,1,24,25,0:00:40,0:11:20,0:00:00,103,IND,free throw,,,,,,,1,,1,T.J. McConnell,1,,,made,,free throw 1/1,,,,,,McConnell Free Throw 1 of 1 (3 PTS)
22200415,2022-23 Regular Season,2022-12-14,JaMychal Green,Anthony Lamb,Stephen Curry,Ty Jerome,Jonathan Kuminga,Jalen Smith,Oshae Brissett,Bennedict Mathurin,Buddy Hield,T.J. McConnell,1,24,25,0:00:25,0:11:35,0:00:15,104,GSW,turnover,,,,,,,,,,Jonathan Kuminga,,,,,Oshae Brissett,lost ball,,,,,,Brissett STEAL (1 STL): Kuminga Lost Ball Turnover (P1.T7)
22200415,2022-23 Regular Season,2022-12-14,JaMychal Green,Anthony Lamb,Stephen Curry,Ty Jerome,Jonathan Kuminga,Jalen Smith,Oshae Brissett,Bennedict Mathurin,Buddy Hield,T.J. McConnell,1,24,27,0:00:21,0:11:39,0:00:04,105,IND,shot,,,,,,,,,,Oshae Brissett,2,,,made,,layup,2,20,13,27.0,87.7,Brissett 2' Running Finger Roll Layup (2 PTS)
22200415,2022-23 Regular Season,2022-12-14,JaMychal Green,Anthony Lamb,Stephen Curry,Ty Jerome,Jonathan Kuminga,Jalen Smith,Oshae Brissett,Bennedict Mathurin,Buddy Hield,T.J. McConnell,1,26,27,0:00:03,0:11:57,0:00:18,106,GSW,shot,Jonathan Kuminga,,,,,,,,,Ty Jerome,2,,,made,,layup,3,-29,11,27.9,6.1,Jerome 3' Driving Finger Roll Layup (2 PTS) (Kuminga 1 AST)
22200415,2022-23 Regular Season,2022-12-14,JaMychal Green,Anthony Lamb,Stephen Curry,Ty Jerome,Jonathan Kuminga,Jalen Smith,Oshae Brissett,Bennedict Mathurin,Buddy Hield,T.J. McConnell,1,26,27,0:00:00,0:12:00,0:00:03,107,IND,shot,,,,,,,,,,T.J. McConnell,0,,,missed,,layup,9,76,44,32.6,84.6,MISS McConnell 9' Driving Finger Roll Layup
22200415,2022-23 Regular Season,2022-12-14,JaMychal Green,Anthony Lamb,Stephen Curry,Ty Jerome,Jonathan Kuminga,Jalen Smith,Oshae Brissett,Bennedict Mathurin,Buddy Hield,T.J. McConnell,1,26,27,0:00:00,0:12:00,0:00:00,108,IND,rebound,,,,,,,,,,,,,,,,team rebound,,,,,,PACERS Rebound
22200415,2022-23 Regular Season,2022-12-14,JaMychal Green,Anthony Lamb,Stephen Curry,Ty Jerome,Jonathan Kuminga,Jalen Smith,Oshae Brissett,Bennedict Mathurin,Buddy Hield,T.J. McConnell,1,26,27,0:00:00,0:12:00,0:00:00,109,,end of period,,,,,,,,,,,,,,,,end of period,,,,,,
22200415,2022-23 Regular Season,2022-12-14,Ty Jerome,Donte DiVincenzo,Jonathan Kuminga,Draymond Green,Jordan Poole,Bennedict Mathurin,Jalen Smith,T.J. McConnell,Oshae Brissett,Buddy Hield,2,26,27,0:12:00,0:00:00,0:00:00,110,,start of period,,,,,,,,,,,,,,,,start of period,,,,,,
22200415,2022-23 Regular Season,2022-12-14,Ty Jerome,Donte DiVincenzo,Jonathan Kuminga,Draymond Green,Jordan Poole,Bennedict Mathurin,Jalen Smith,T.J. McConnell,Oshae Brissett,Buddy Hield,2,26,30,0:11:46,0:00:14,0:00:14,111,IND,shot,Jalen Smith,,,,,,,,,Bennedict Mathurin,3,,,made,,3pt pullup jump shot,27,-147,227,10.299999999999999,66.3,Mathurin 27' 3PT Pullup Jump Shot (5 PTS) (Smith 1 AST)
22200415,2022-23 Regular Season,2022-12-14,Ty Jerome,Donte DiVincenzo,Jonathan Kuminga,Draymond Green,Jordan Poole,Bennedict Mathurin,Jalen Smith,T.J. McConnell,Oshae Brissett,Buddy Hield,2,26,30,0:11:26,0:00:34,0:00:20,112,GSW,shot,,,,,,,,,,Ty Jerome,0,,,missed,,3pt jump shot,27,58,267,19.2,31.700000000000003,MISS Jerome 27' 3PT Jump Shot
22200415,2022-23 Regular Season,2022-12-14,Ty Jerome,Donte DiVincenzo,Jonathan Kuminga,Draymond Green,Jordan Poole,Bennedict Mathurin,Jalen Smith,T.J. McConnell,Oshae Brissett,Buddy Hield,2,26,30,0:11:24,0:00:36,0:00:02,113,IND,rebound,,,,,,,,,,T.J. McConnell,,,,,,rebound defensive,,,,,,McConnell REBOUND (Off:0 Def:1)
22200415,2022-23 Regular Season,2022-12-14,Ty Jerome,Donte DiVincenzo,Jonathan Kuminga,Draymond Green,Jordan Poole,Bennedict Mathurin,Jalen Smith,T.J. McConnell,Oshae Brissett,Buddy Hield,2,26,30,0:11:14,0:00:46,0:00:10,114,IND,turnover,,,,,,,,,,Bennedict Mathurin,,,,,Donte DiVincenzo,lost ball,,,,,,Mathurin Lost Ball Turnover (P1.T3): DiVincenzo STEAL (1 STL)
22200415,2022-23 Regular Season,2022-12-14,Ty Jerome,Donte DiVincenzo,Jonathan Kuminga,Draymond Green,Jordan Poole,Bennedict Mathurin,Jalen Smith,T.J. McConnell,Oshae Brissett,Buddy Hield,2,26,30,0:11:12,0:00:48,0:00:02,115,GSW,turnover,,,,,,,,,,Donte DiVincenzo,,,bad pass,,Bennedict Mathurin,bad pass,,,,,,Mathurin STEAL (1 STL): DiVincenzo Bad Pass Turnover (P1.T8)
22200415,2022-23 Regular Season,2022-12-14,Ty Jerome,Donte DiVincenzo,Jonathan Kuminga,Draymond Green,Jordan Poole,Bennedict Mathurin,Jalen Smith,T.J. McConnell,Oshae Brissett,Buddy Hield,2,26,32,0:11:08,0:00:52,0:00:04,116,IND,shot,,,,,,,,,,Bennedict Mathurin,2,,,made,,layup,2,-15,18,23.5,87.2,Mathurin 2' Finger Roll Layup (7 PTS)
22200415,2022-23 Regular Season,2022-12-14,Ty Jerome,Donte DiVincenzo,Jonathan Kuminga,Draymond Green,Jordan Poole,Bennedict Mathurin,Jalen Smith,T.J. McConnell,Oshae Brissett,Buddy Hield,2,26,32,0:10:56,0:01:04,0:00:12,117,GSW,shot,,,,,,,,,,Jonathan Kuminga,0,,,missed,,jump shot,1,-13,5,26.3,5.5,MISS Kuminga 1' Jump Shot
22200415,2022-23 Regular Season,2022-12-14,Ty Jerome,Donte DiVincenzo,Jonathan Kuminga,Draymond Green,Jordan Poole,Bennedict Mathurin,Jalen Smith,T.J. McConnell,Oshae Brissett,Buddy Hield,2,26,32,0:10:52,0:01:08,0:00:04,118,GSW,rebound,,,,,,,,,,Draymond Green,,,,,,rebound offensive,,,,,,D. Green REBOUND (Off:1 Def:1)
22200415,2022-23 Regular Season,2022-12-14,Ty Jerome,Donte DiVincenzo,Jonathan Kuminga,Draymond Green,Jordan Poole,Bennedict Mathurin,Jalen Smith,T.J. McConnell,Oshae Brissett,Buddy Hield,2,28,32,0:10:50,0:01:10,0:00:02,119,GSW,shot,Donte DiVincenzo,,,,,,,,,Jonathan Kuminga,2,,,made,,dunk,1,-4,9,25.4,5.9,Kuminga 1' Dunk (2 PTS) (DiVincenzo 1 AST)
22200415,2022-23 Regular Season,2022-12-14,Ty Jerome,Donte DiVincenzo,Jonathan Kuminga,Draymond Green,Jordan Poole,Bennedict Mathurin,Jalen Smith,T.J. McConnell,Oshae Brissett,Buddy Hield,2,28,34,0:10:41,0:01:19,0:00:09,120,IND,shot,T.J. McConnell,,,,,,,,,Jalen Smith,2,,,made,,cutting layup shot,3,17,21,26.7,86.9,Smith 3' Cutting Layup Shot (2 PTS) (McConnell 3 AST)
22200415,2022-23 Regular Season,2022-12-14,Ty Jerome,Donte DiVincenzo,Jonathan Kuminga,Draymond Green,Jordan Poole,Bennedict Mathurin,Jalen Smith,T.J. McConnell,Oshae Brissett,Buddy Hield,2,28,34,0:10:26,0:01:34,0:00:15,121,IND,foul,,,,,,,,Jordan Poole,,Oshae Brissett,,,s.foul,,,shooting,,,,,,Brissett S.FOUL (P1.T1) (J.Goldenberg)
22200415,2022-23 Regular Season,2022-12-14,Ty Jerome,Donte DiVincenzo,Jonathan Kuminga,Draymond Green,Jordan Poole,Bennedict Mathurin,Jalen Smith,T.J. McConnell,Oshae Brissett,Buddy Hield,2,29,34,0:10:26,0:01:34,0:00:00,122,GSW,free throw,,,,,,,1,,2,Jordan Poole,1,,,made,,free throw 1/2,,,,,,Poole Free Throw 1 of 2 (5 PTS)
22200415,2022-23 Regular Season,2022-12-14,Ty Jerome,Donte DiVincenzo,Jonathan Kuminga,Draymond Green,Jordan Poole,Bennedict Mathurin,Jalen Smith,T.J. McConnell,Oshae Brissett,Buddy Hield,2,30,34,0:10:26,0:01:34,0:00:00,123,GSW,free throw,,,,,,,2,,2,Jordan Poole,1,,,made,,free throw 2/2,,,,,,Poole Free Throw 2 of 2 (6 PTS)
22200415,2022-23 Regular Season,2022-12-14,Ty Jerome,Donte DiVincenzo,Jonathan Kuminga,Draymond Green,Jordan Poole,Bennedict Mathurin,Jalen Smith,T.J. McConnell,Oshae Brissett,Buddy Hield,2,30,36,0:10:17,0:01:43,0:00:09,124,IND,shot,T.J. McConnell,,,,,,,,,Bennedict Mathurin,2,,,made,,jump shot,19,194,11,44.400000000000006,87.9,Mathurin 19' Jump Shot (9 PTS) (McConnell 4 AST)
22200415,2022-23 Regular Season,2022-12-14,Ty Jerome,Donte DiVincenzo,Jonathan Kuminga,Draymond Green,Jordan Poole,Bennedict Mathurin,Jalen Smith,T.J. McConnell,Oshae Brissett,Buddy Hield,2,30,36,0:10:13,0:01:47,0:00:04,125,GSW,timeout,,,,,,,,,,,,,,,,timeout: regular,,,,,,Warriors Timeout: Regular (Reg.2 Short 0)
22200415,2022-23 Regular Season,2022-12-14,Ty Jerome,Donte DiVincenzo,Jonathan Kuminga,Draymond Green,Jordan Poole,Bennedict Mathurin,Jalen Smith,T.J. McConnell,Oshae Brissett,Buddy Hield,2,30,36,0:09:59,0:02:01,0:00:14,126,GSW,shot,,,,Jalen Smith,,,,,,Jordan Poole,0,,,missed,,cutting finger roll layup shot,3,-22,14,27.2,6.4,Smith BLOCK (1 BLK): MISS Poole 3' Cutting Finger Roll Layup Shot
22200415,2022-23 Regular Season,2022-12-14,Ty Jerome,Donte DiVincenzo,Jonathan Kuminga,Draymond Green,Jordan Poole,Bennedict Mathurin,Jalen Smith,T.J. McConnell,Oshae Brissett,Buddy Hield,2,30,36,0:09:56,0:02:04,0:00:03,127,IND,rebound,,,,,,,,,,Jalen Smith,,,,,,rebound defensive,,,,,,Smith REBOUND (Off:0 Def:3)
22200415,2022-23 Regular Season,2022-12-14,Ty Jerome,Donte DiVincenzo,Jonathan Kuminga,Draymond Green,Jordan Poole,Bennedict Mathurin,Jalen Smith,T.J. McConnell,Oshae Brissett,Buddy Hield,2,30,36,0:09:53,0:02:07,0:00:03,128,IND,shot,,,,,,,,,,Bennedict Mathurin,0,,,missed,,3pt running jump shot,27,-124,237,12.6,65.3,MISS Mathurin 27' 3PT Running Jump Shot
22200415,2022-23 Regular Season,2022-12-14,Ty Jerome,Donte DiVincenzo,Jonathan Kuminga,Draymond Green,Jordan Poole,Bennedict Mathurin,Jalen Smith,T.J. McConnell,Oshae Brissett,Buddy Hield,2,30,36,0:09:49,0:02:11,0:00:04,129,IND,rebound,,,,,,,,,,Buddy Hield,,,,,,rebound offensive,,,,,,Hield REBOUND (Off:1 Def:0)
22200415,2022-23 Regular Season,2022-12-14,Ty Jerome,Donte DiVincenzo,Jonathan Kuminga,Draymond Green,Jordan Poole,Bennedict Mathurin,Jalen Smith,T.J. McConnell,Oshae Brissett,Buddy Hield,2,30,36,0:09:44,0:02:16,0:00:05,130,IND,shot,,,,,,,,,,Jalen Smith,0,,,missed,,layup,3,-26,21,22.4,86.9,MISS Smith 3' Driving Finger Roll Layup
22200415,2022-23 Regular Season,2022-12-14,Ty Jerome,Donte DiVincenzo,Jonathan Kuminga,Draymond Green,Jordan Poole,Bennedict Mathurin,Jalen Smith,T.J. McConnell,Oshae Brissett,Buddy Hield,2,30,36,0:09:42,0:02:18,0:00:02,131,GSW,rebound,,,,,,,,,,Donte DiVincenzo,,,,,,rebound defensive,,,,,,DiVincenzo REBOUND (Off:0 Def:4)
22200415,2022-23 Regular Season,2022-12-14,Ty Jerome,Donte DiVincenzo,Jonathan Kuminga,Draymond Green,Jordan Poole,Bennedict Mathurin,Jalen Smith,T.J. McConnell,Oshae Brissett,Buddy Hield,2,30,36,0:09:38,0:02:22,0:00:04,132,IND,foul,,,,,,,,Draymond Green,,Jalen Smith,,,s.foul,,,shooting,,,,,,Smith S.FOUL (P1.T2) (N.Buchert)
22200415,2022-23 Regular Season,2022-12-14,Ty Jerome,Donte DiVincenzo,Jonathan Kuminga,Draymond Green,Jordan Poole,Bennedict Mathurin,Jalen Smith,T.J. McConnell,Oshae Brissett,Buddy Hield,2,30,36,0:09:38,0:02:22,0:00:00,133,GSW,free throw,,,,,,,1,,2,Draymond Green,0,,,missed,,free throw 1/2,,,,,,MISS D. Green Free Throw 1 of 2
22200415,2022-23 Regular Season,2022-12-14,Ty Jerome,Donte DiVincenzo,Jonathan Kuminga,Draymond Green,Jordan Poole,Bennedict Mathurin,Jalen Smith,T.J. McConnell,Oshae Brissett,Buddy Hield,2,30,36,0:09:38,0:02:22,0:00:00,134,GSW,rebound,,,,,,,,,,,,,,,,team rebound,,,,,,Warriors Rebound
22200415,2022-23 Regular Season,2022-12-14,Ty Jerome,Donte DiVincenzo,Jonathan Kuminga,Draymond Green,Jordan Poole,Bennedict Mathurin,Jalen Smith,T.J. McConnell,Oshae Brissett,Buddy Hield,2,31,36,0:09:38,0:02:22,0:00:00,135,GSW,free throw,,,,,,,2,,2,Draymond Green,1,,,made,,free throw 2/2,,,,,,D. Green Free Throw 2 of 2 (1 PTS)
22200415,2022-23 Regular Season,2022-12-14,Ty Jerome,Donte DiVincenzo,Jonathan Kuminga,Draymond Green,Jordan Poole,Bennedict Mathurin,Jalen Smith,T.J. McConnell,Oshae Brissett,Buddy Hield,2,31,36,0:09:32,0:02:28,0:00:06,136,GSW,foul,,,,,,,,Bennedict Mathurin,,Jonathan Kuminga,,,p.foul,,,personal,,,,,,Kuminga P.FOUL (P1.T1) (N.Buchert)
22200415,2022-23 Regular Season,2022-12-14,Ty Jerome,Donte DiVincenzo,Jonathan Kuminga,Draymond Green,Jordan Poole,Bennedict Mathurin,Jalen Smith,T.J. McConnell,Oshae Brissett,Buddy Hield,2,31,36,0:09:22,0:02:38,0:00:10,137,GSW,foul,,,,,,,,Oshae Brissett,,Jordan Poole,,,s.foul,,,shooting,,,,,,Poole S.FOUL (P1.T2) (T.Ford)
22200415,2022-23 Regular Season,2022-12-14,Ty Jerome,Donte DiVincenzo,Jonathan Kuminga,Draymond Green,Jordan Poole,Bennedict Mathurin,Jalen Smith,T.J. McConnell,Oshae Brissett,Buddy Hield,2,31,36,0:09:22,0:02:38,0:00:00,138,IND,free throw,,,,,,,1,,2,Oshae Brissett,0,,,missed,,free throw 1/2,,,,,,MISS Brissett Free Throw 1 of 2
22200415,2022-23 Regular Season,2022-12-14,Ty Jerome,Donte DiVincenzo,Jonathan Kuminga,Draymond Green,Jordan Poole,Bennedict Mathurin,Jalen Smith,T.J. McConnell,Oshae Brissett,Buddy Hield,2,31,36,0:09:22,0:02:38,0:00:00,139,IND,rebound,,,,,,,,,,,,,,,,team rebound,,,,,,PACERS Rebound
22200415,2022-23 Regular Season,2022-12-14,Ty Jerome,Donte DiVincenzo,Jonathan Kuminga,Draymond Green,Jordan Poole,Bennedict Mathurin,Jalen Smith,T.J. McConnell,Oshae Brissett,Buddy Hield,2,31,37,0:09:22,0:02:38,0:00:00,140,IND,free throw,,,,,,,2,,2,Oshae Brissett,1,,,made,,free throw 2/2,,,,,,Brissett Free Throw 2 of 2 (3 PTS)
22200415,2022-23 Regular Season,2022-12-14,Ty Jerome,Donte DiVincenzo,Jonathan Kuminga,Draymond Green,Jordan Poole,Bennedict Mathurin,Jalen Smith,T.J. McConnell,Oshae Brissett,Buddy Hield,2,33,37,0:09:11,0:02:49,0:00:11,141,GSW,shot,,,,,,,,,,Jordan Poole,2,,,made,,driving layup,4,-42,11,29.2,6.1,Poole 4' Driving Layup (8 PTS)
22200415,2022-23 Regular Season,2022-12-14,Ty Jerome,Donte DiVincenzo,Jonathan Kuminga,Draymond Green,Jordan Poole,Bennedict Mathurin,Jalen Smith,T.J. McConnell,Oshae Brissett,Buddy Hield,2,33,37,0:09:03,0:02:57,0:00:08,142,IND,turnover,,,,,,,,,,Jalen Smith,,,traveling,,,traveling,,,,,,Smith Traveling Turnover (P1.T4)
22200415,2022-23 Regular Season,2022-12-14,Ty Jerome,Donte DiVincenzo,Jonathan Kuminga,Draymond Green,Jordan Poole,Bennedict Mathurin,Jalen Smith,T.J. McConnell,Oshae Brissett,Buddy Hield,2,33,37,0:08:49,0:03:11,0:00:14,143,GSW,shot,,,,,,,,,,Donte DiVincenzo,0,,,missed,,3pt jump shot,24,-238,3,48.8,5.3,MISS DiVincenzo 24' 3PT Jump Shot
22200415,2022-23 Regular Season,2022-12-14,Ty Jerome,Donte DiVincenzo,Jonathan Kuminga,Draymond Green,Jordan Poole,Bennedict Mathurin,Jalen Smith,T.J. McConnell,Oshae Brissett,Buddy Hield,2,33,37,0:08:44,0:03:16,0:00:05,144,GSW,shot,,,,,,,,,,Jonathan Kuminga,0,,,missed,,layup,0,0,0,25.0,5.0,MISS Kuminga Tip Layup Shot
22200415,2022-23 Regular Season,2022-12-14,Ty Jerome,Donte DiVincenzo,Jonathan Kuminga,Draymond Green,Jordan Poole,Bennedict Mathurin,Jalen Smith,T.J. McConnell,Oshae Brissett,Buddy Hield,2,33,37,0:08:44,0:03:16,0:00:00,145,GSW,rebound,,,,,,,,,,Jonathan Kuminga,,,,,,rebound offensive,,,,,,Kuminga REBOUND (Off:1 Def:0)
22200415,2022-23 Regular Season,2022-12-14,Ty Jerome,Donte DiVincenzo,Jonathan Kuminga,Draymond Green,Jordan Poole,Bennedict Mathurin,Jalen Smith,T.J. McConnell,Oshae Brissett,Buddy Hield,2,33,37,0:08:43,0:03:17,0:00:01,146,IND,rebound,,,,,,,,,,Buddy Hield,,,,,,rebound defensive,,,,,,Hield REBOUND (Off:1 Def:1)
22200415,2022-23 Regular Season,2022-12-14,Ty Jerome,Donte DiVincenzo,Jonathan Kuminga,Draymond Green,Jordan Poole,Bennedict Mathurin,Jalen Smith,T.J. McConnell,Oshae Brissett,Buddy Hield,2,33,37,0:08:38,0:03:22,0:00:05,147,IND,shot,,,,,,,,,,Buddy Hield,0,,,missed,,3pt running pull-up jump shot,27,62,264,31.2,62.599999999999994,MISS Hield 27' 3PT Running Pull-Up Jump Shot
22200415,2022-23 Regular Season,2022-12-14,Ty Jerome,Donte DiVincenzo,Jonathan Kuminga,Draymond Green,Jordan Poole,Bennedict Mathurin,Jalen Smith,T.J. McConnell,Oshae Brissett,Buddy Hield,2,33,37,0:08:37,0:03:23,0:00:01,148,GSW,rebound,,,,,,,,,,,,,,,,rebound defensive,,,,,,Warriors Rebound
22200415,2022-23 Regular Season,2022-12-14,Ty Jerome,Donte DiVincenzo,Anthony Lamb,Draymond Green,Jordan Poole,Bennedict Mathurin,Jalen Smith,T.J. McConnell,Oshae Brissett,Buddy Hield,2,33,37,0:08:37,0:03:23,0:00:00,149,GSW,substitution,,,,,Anthony Lamb,Jonathan Kuminga,,,,Jonathan Kuminga,,,,,,sub,,,,,,SUB: Lamb FOR Kuminga
22200415,2022-23 Regular Season,2022-12-14,Ty Jerome,Donte DiVincenzo,Anthony Lamb,Draymond Green,Jordan Poole,Bennedict Mathurin,Jalen Smith,T.J. McConnell,Oshae Brissett,Buddy Hield,2,33,37,0:08:24,0:03:36,0:00:13,150,GSW,turnover,,,,,,,,,,Jordan Poole,,,out of bounds lost ball,,,out of bounds lost ball,,,,,,Poole Out of Bounds Lost Ball Turnover (P2.T9)
22200415,2022-23 Regular Season,2022-12-14,Ty Jerome,Donte DiVincenzo,Anthony Lamb,Draymond Green,Jordan Poole,Bennedict Mathurin,Jalen Smith,T.J. McConnell,Oshae Brissett,Andrew Nembhard,2,33,37,0:08:24,0:03:36,0:00:00,151,IND,substitution,,,,,Andrew Nembhard,Buddy Hield,,,,Buddy Hield,,,,,,sub,,,,,,SUB: Nembhard FOR Hield
22200415,2022-23 Regular Season,2022-12-14,Ty Jerome,Donte DiVincenzo,Anthony Lamb,Draymond Green,Jordan Poole,Bennedict Mathurin,Jalen Smith,T.J. McConnell,Oshae Brissett,Andrew Nembhard,2,33,37,0:08:14,0:03:46,0:00:10,152,IND,foul,,,,,,,,Donte DiVincenzo,,Oshae Brissett,,,,,,offensive,,,,,,Brissett OFF.Foul (P2) (J.Goldenberg)
22200415,2022-23 Regular Season,2022-12-14,Ty Jerome,Donte DiVincenzo,Anthony Lamb,Draymond Green,Jordan Poole,Bennedict Mathurin,Jalen Smith,T.J. McConnell,Oshae Brissett,Andrew Nembhard,2,33,37,0:08:14,0:03:46,0:00:00,153,IND,turnover,,,,,,,,,,Oshae Brissett,,,offensive foul turnover,,,offensive foul,,,,,,Brissett Offensive Foul Turnover (P1.T5)
22200415,2022-23 Regular Season,2022-12-14,Ty Jerome,Donte DiVincenzo,Anthony Lamb,Draymond Green,Jordan Poole,Bennedict Mathurin,Jalen Smith,T.J. McConnell,Oshae Brissett,Andrew Nembhard,2,33,37,0:08:04,0:03:56,0:00:10,154,GSW,shot,,,,,,,,,,Jordan Poole,0,,,missed,,3pt step back jump shot,25,-61,242,31.1,29.200000000000003,MISS Poole 25' 3PT Step Back Jump Shot
22200415,2022-23 Regular Season,2022-12-14,Ty Jerome,Donte DiVincenzo,Anthony Lamb,Draymond Green,Jordan Poole,Bennedict Mathurin,Jalen Smith,T.J. McConnell,Oshae Brissett,Andrew Nembhard,2,33,37,0:07:58,0:04:02,0:00:06,155,IND,turnover,,,,,,,,,,T.J. McConnell,,,bad pass,,,bad pass,,,,,,McConnell Out of Bounds - Bad Pass Turnover Turnover (P1.T6)
22200415,2022-23 Regular Season,2022-12-14,Ty Jerome,Donte DiVincenzo,Anthony Lamb,Draymond Green,Jordan Poole,Bennedict Mathurin,Jalen Smith,T.J. McConnell,Oshae Brissett,Andrew Nembhard,2,33,37,0:07:58,0:04:02,0:00:00,156,IND,rebound,,,,,,,,,,T.J. McConnell,,,,,,rebound defensive,,,,,,McConnell REBOUND (Off:0 Def:2)
22200415,2022-23 Regular Season,2022-12-14,Ty Jerome,Donte DiVincenzo,Anthony Lamb,Draymond Green,Jordan Poole,Bennedict Mathurin,Jalen Smith,Tyrese Haliburton,Oshae Brissett,Andrew Nembhard,2,33,37,0:07:58,0:04:02,0:00:00,157,IND,substitution,,,,,Tyrese Haliburton,T.J. McConnell,,,,T.J. McConnell,,,,,,sub,,,,,,SUB: Haliburton FOR McConnell
22200415,2022-23 Regular Season,2022-12-14,Ty Jerome,Donte DiVincenzo,Anthony Lamb,Draymond Green,Jordan Poole,Bennedict Mathurin,Myles Turner,Tyrese Haliburton,Oshae Brissett,Andrew Nembhard,2,33,37,0:07:58,0:04:02,0:00:00,158,IND,substitution,,,,,Myles Turner,Jalen Smith,,,,Jalen Smith,,,,,,sub,,,,,,SUB: Turner FOR Smith
22200415,2022-23 Regular Season,2022-12-14,Ty Jerome,Donte DiVincenzo,Anthony Lamb,Draymond Green,Jordan Poole,Bennedict Mathurin,Myles Turner,Tyrese Haliburton,Oshae Brissett,Andrew Nembhard,2,33,37,0:07:57,0:04:03,0:00:01,159,GSW,shot,,,,,,,,,,Draymond Green,0,,,missed,,layup,6,44,42,20.6,9.2,MISS D. Green 6' Layup
22200415,2022-23 Regular Season,2022-12-14,Ty Jerome,Donte DiVincenzo,Anthony Lamb,Draymond Green,Jordan Poole,Bennedict Mathurin,Myles Turner,Tyrese Haliburton,Oshae Brissett,Andrew Nembhard,2,33,37,0:07:54,0:04:06,0:00:03,160,IND,rebound,,,,,,,,,,Andrew Nembhard,,,,,,rebound defensive,,,,,,Nembhard REBOUND (Off:0 Def:1)
22200415,2022-23 Regular Season,2022-12-14,Ty Jerome,Donte DiVincenzo,Anthony Lamb,Draymond Green,Jordan Poole,Bennedict Mathurin,Myles Turner,Tyrese Haliburton,Oshae Brissett,Andrew Nembhard,2,33,39,0:07:47,0:04:13,0:00:07,161,IND,shot,,,,,,,,,,Oshae Brissett,2,,,made,,driving layup,3,28,7,27.8,88.3,Brissett 3' Driving Layup (5 PTS)
22200415,2022-23 Regular Season,2022-12-14,Ty Jerome,Donte DiVincenzo,Anthony Lamb,Draymond Green,Jordan Poole,Bennedict Mathurin,Myles Turner,Tyrese Haliburton,Oshae Brissett,Andrew Nembhard,2,33,39,0:07:44,0:04:16,0:00:03,162,GSW,turnover,,,,,,,,,,Draymond Green,,,bad pass,,Oshae Brissett,bad pass,,,,,,Brissett STEAL (2 STL): D. Green Bad Pass Turnover (P2.T10)
22200415,2022-23 Regular Season,2022-12-14,Ty Jerome,Donte DiVincenzo,Anthony Lamb,Draymond Green,Jordan Poole,Bennedict Mathurin,Myles Turner,Tyrese Haliburton,Oshae Brissett,Andrew Nembhard,2,33,39,0:07:37,0:04:23,0:00:07,163,GSW,foul,,,,,,,,Oshae Brissett,,Anthony Lamb,,,s.foul,,,shooting,,,,,,Lamb S.FOUL (P1.T3) (J.Goldenberg)
22200415,2022-23 Regular Season,2022-12-14,Ty Jerome,Donte DiVincenzo,Anthony Lamb,Draymond Green,Jordan Poole,Bennedict Mathurin,Myles Turner,Tyrese Haliburton,Oshae Brissett,Andrew Nembhard,2,33,40,0:07:37,0:04:23,0:00:00,164,IND,free throw,,,,,,,1,,2,Oshae Brissett,1,,,made,,free throw 1/2,,,,,,Brissett Free Throw 1 of 2 (6 PTS)
22200415,2022-23 Regular Season,2022-12-14,Ty Jerome,Donte DiVincenzo,Anthony Lamb,Draymond Green,Moses Moody,Bennedict Mathurin,Myles Turner,Tyrese Haliburton,Oshae Brissett,Andrew Nembhard,2,33,40,0:07:37,0:04:23,0:00:00,165,GSW,substitution,,,,,Moses Moody,Jordan Poole,,,,Jordan Poole,,,,,,sub,,,,,,SUB: Moody FOR Poole
22200415,2022-23 Regular Season,2022-12-14,Kevon Looney,Donte DiVincenzo,Anthony Lamb,Draymond Green,Moses Moody,Bennedict Mathurin,Myles Turner,Tyrese Haliburton,Oshae Brissett,Andrew Nembhard,2,33,40,0:07:37,0:04:23,0:00:00,166,GSW,substitution,,,,,Kevon Looney,Ty Jerome,,,,Ty Jerome,,,,,,sub,,,,,,SUB: Looney FOR Jerome
22200415,2022-23 Regular Season,2022-12-14,Kevon Looney,Donte DiVincenzo,Anthony Lamb,Stephen Curry,Moses Moody,Bennedict Mathurin,Myles Turner,Tyrese Haliburton,Oshae Brissett,Andrew Nembhard,2,33,40,0:07:37,0:04:23,0:00:00,167,GSW,substitution,,,,,Stephen Curry,Draymond Green,,,,Draymond Green,,,,,,sub,,,,,,SUB: Curry FOR D. Green
22200415,2022-23 Regular Season,2022-12-14,Ty Jerome,Donte DiVincenzo,Anthony Lamb,Draymond Green,Jordan Poole,Bennedict Mathurin,Myles Turner,Tyrese Haliburton,Oshae Brissett,Andrew Nembhard,2,33,41,0:07:37,0:04:23,0:00:00,168,IND,free throw,,,,,,,2,,2,Oshae Brissett,1,,,made,,free throw 2/2,,,,,,Brissett Free Throw 2 of 2 (7 PTS)
22200415,2022-23 Regular Season,2022-12-14,Kevon Looney,Donte DiVincenzo,Anthony Lamb,Stephen Curry,Moses Moody,Bennedict Mathurin,Myles Turner,Tyrese Haliburton,Oshae Brissett,Andrew Nembhard,2,33,41,0:07:22,0:04:38,0:00:15,169,GSW,shot,,,,,,,,,,Anthony Lamb,0,,,missed,,3pt jump shot,25,12,251,23.8,30.1,MISS Lamb 25' 3PT Jump Shot
22200415,2022-23 Regular Season,2022-12-14,Kevon Looney,Donte DiVincenzo,Anthony Lamb,Stephen Curry,Moses Moody,Bennedict Mathurin,Myles Turner,Tyrese Haliburton,Oshae Brissett,Andrew Nembhard,2,33,41,0:07:19,0:04:41,0:00:03,170,IND,rebound,,,,,,,,,,Tyrese Haliburton,,,,,,rebound defensive,,,,,,Haliburton REBOUND (Off:1 Def:2)
22200415,2022-23 Regular Season,2022-12-14,Kevon Looney,Donte DiVincenzo,Anthony Lamb,Stephen Curry,Moses Moody,Bennedict Mathurin,Myles Turner,Tyrese Haliburton,Oshae Brissett,Andrew Nembhard,2,33,41,0:07:14,0:04:46,0:00:05,171,IND,shot,,,,,,,,,,Oshae Brissett,0,,,missed,,3pt running jump shot,26,157,204,40.7,68.6,MISS Brissett 26' 3PT Running Jump Shot
22200415,2022-23 Regular Season,2022-12-14,Kevon Looney,Donte DiVincenzo,Anthony Lamb,Stephen Curry,Moses Moody,Bennedict Mathurin,Myles Turner,Tyrese Haliburton,Oshae Brissett,Andrew Nembhard,2,33,41,0:07:11,0:04:49,0:00:03,172,GSW,rebound,,,,,,,,,,Donte DiVincenzo,,,,,,rebound defensive,,,,,,DiVincenzo REBOUND (Off:0 Def:5)
22200415,2022-23 Regular Season,2022-12-14,Kevon Looney,Donte DiVincenzo,Anthony Lamb,Stephen Curry,Moses Moody,Bennedict Mathurin,Myles Turner,Tyrese Haliburton,Oshae Brissett,Andrew Nembhard,2,36,41,0:07:07,0:04:53,0:00:04,173,GSW,shot,Stephen Curry,,,,,,,,,Moses Moody,3,,,made,,3pt running jump shot,23,-232,-2,48.2,4.8,Moody 3PT Running Jump Shot (3 PTS) (Curry 2 AST)
22200415,2022-23 Regular Season,2022-12-14,Kevon Looney,Donte DiVincenzo,Anthony Lamb,Stephen Curry,Moses Moody,Bennedict Mathurin,Myles Turner,Tyrese Haliburton,Oshae Brissett,Andrew Nembhard,2,36,44,0:06:47,0:05:13,0:00:20,174,IND,shot,,,,,,,,,,Tyrese Haliburton,3,,,made,,3pt step back jump shot,27,-168,216,8.2,67.4,Haliburton 27' 3PT Step Back Jump Shot (6 PTS)
22200415,2022-23 Regular Season,2022-12-14,Kevon Looney,Donte DiVincenzo,Anthony Lamb,Stephen Curry,Moses Moody,Bennedict Mathurin,Myles Turner,Tyrese Haliburton,Oshae Brissett,Andrew Nembhard,2,36,44,0:06:30,0:05:30,0:00:17,175,GSW,shot,,,,,,,,,,Donte DiVincenzo,0,,,missed,,layup,2,12,19,23.8,6.9,MISS DiVincenzo 2' Driving Finger Roll Layup
22200415,2022-23 Regular Season,2022-12-14,Kevon Looney,Donte DiVincenzo,Anthony Lamb,Stephen Curry,Moses Moody,Bennedict Mathurin,Myles Turner,Tyrese Haliburton,Oshae Brissett,Andrew Nembhard,2,36,44,0:06:27,0:05:33,0:00:03,176,IND,rebound,,,,,,,,,,Oshae Brissett,,,,,,rebound defensive,,,,,,Brissett REBOUND (Off:0 Def:1)
22200415,2022-23 Regular Season,2022-12-14,Kevon Looney,Donte DiVincenzo,Anthony Lamb,Stephen Curry,Moses Moody,Bennedict Mathurin,Myles Turner,Tyrese Haliburton,Oshae Brissett,Andrew Nembhard,2,36,44,0:06:17,0:05:43,0:00:10,177,IND,shot,,,,,,,,,,Tyrese Haliburton,0,,,missed,,3pt step back jump shot,27,-49,264,20.1,62.599999999999994,MISS Haliburton 27' 3PT Step Back Jump Shot
22200415,2022-23 Regular Season,2022-12-14,Kevon Looney,Donte DiVincenzo,Anthony Lamb,Stephen Curry,Moses Moody,Bennedict Mathurin,Myles Turner,Tyrese Haliburton,Oshae Brissett,Andrew Nembhard,2,36,44,0:06:14,0:05:46,0:00:03,178,IND,rebound,,,,,,,,,,Tyrese Haliburton,,,,,,rebound offensive,,,,,,Haliburton REBOUND (Off:2 Def:2)
22200415,2022-23 Regular Season,2022-12-14,Kevon Looney,Donte DiVincenzo,Anthony Lamb,Stephen Curry,Moses Moody,Bennedict Mathurin,Myles Turner,Tyrese Haliburton,Oshae Brissett,Andrew Nembhard,2,36,47,0:06:12,0:05:48,0:00:02,179,IND,shot,Tyrese Haliburton,,,,,,,,,Myles Turner,3,,,made,,3pt jump shot,26,15,259,26.5,63.099999999999994,Turner 26' 3PT Jump Shot (11 PTS) (Haliburton 1 AST)
22200415,2022-23 Regular Season,2022-12-14,Kevon Looney,Donte DiVincenzo,Anthony Lamb,Stephen Curry,Moses Moody,Bennedict Mathurin,Myles Turner,Tyrese Haliburton,Oshae Brissett,Andrew Nembhard,2,38,47,0:05:51,0:06:09,0:00:21,180,GSW,shot,Stephen Curry,,,,,,,,,Kevon Looney,2,,,made,,dunk,1,9,10,24.1,6.0,Looney 1' Dunk (2 PTS) (Curry 3 AST)
22200415,2022-23 Regular Season,2022-12-14,Kevon Looney,Donte DiVincenzo,Anthony Lamb,Stephen Curry,Moses Moody,Bennedict Mathurin,Myles Turner,Tyrese Haliburton,Oshae Brissett,Andrew Nembhard,2,38,47,0:05:37,0:06:23,0:00:14,181,IND,shot,,,,,,,,,,Oshae Brissett,0,,,missed,,layup,0,2,5,25.2,88.5,MISS Brissett 1' Driving Finger Roll Layup
22200415,2022-23 Regular Season,2022-12-14,Kevon Looney,Donte DiVincenzo,Anthony Lamb,Stephen Curry,Moses Moody,Bennedict Mathurin,Myles Turner,Tyrese Haliburton,Oshae Brissett,Andrew Nembhard,2,38,47,0:05:36,0:06:24,0:00:01,182,GSW,rebound,,,,,,,,,,Kevon Looney,,,,,,rebound defensive,,,,,,Looney REBOUND (Off:0 Def:4)
22200415,2022-23 Regular Season,2022-12-14,Kevon Looney,Donte DiVincenzo,Anthony Lamb,Stephen Curry,Moses Moody,Bennedict Mathurin,Myles Turner,Tyrese Haliburton,Oshae Brissett,Andrew Nembhard,2,40,47,0:05:31,0:06:29,0:00:05,183,GSW,shot,Donte DiVincenzo,,,,,,,,,Moses Moody,2,,,made,,layup,3,-25,8,27.5,5.8,Moody 3' Running Finger Roll Layup (5 PTS) (DiVincenzo 2 AST)
22200415,2022-23 Regular Season,2022-12-14,Kevon Looney,Donte DiVincenzo,Anthony Lamb,Stephen Curry,Moses Moody,Bennedict Mathurin,Myles Turner,Tyrese Haliburton,Oshae Brissett,Andrew Nembhard,2,40,47,0:05:31,0:06:29,0:00:00,184,IND,violation,,,,,,,,,,Myles Turner,,,,,,defensive goaltending,,,,,,Turner Violation:Defensive Goaltending (T.Ford)
22200415,2022-23 Regular Season,2022-12-14,Kevon Looney,Donte DiVincenzo,Anthony Lamb,Stephen Curry,Moses Moody,Bennedict Mathurin,Myles Turner,Tyrese Haliburton,Oshae Brissett,Andrew Nembhard,2,40,47,0:05:17,0:06:43,0:00:14,185,GSW,technical foul,,,,,,,,,,Moses Moody,,,,,,defensive 3 seconds,,,,,,Warriors T.Foul (Def. 3 Sec Moody ) (N.Buchert)
22200415,2022-23 Regular Season,2022-12-14,Kevon Looney,Donte DiVincenzo,Anthony Lamb,Stephen Curry,Moses Moody,Bennedict Mathurin,Myles Turner,Tyrese Haliburton,Oshae Brissett,Andrew Nembhard,2,40,48,0:05:17,0:06:43,0:00:00,186,IND,free throw,,,,,,,1,,1,Tyrese Haliburton,1,,,made,,free throw technical,,,,,,Haliburton Free Throw Technical (7 PTS)
22200415,2022-23 Regular Season,2022-12-14,Kevon Looney,Donte DiVincenzo,Anthony Lamb,Stephen Curry,Moses Moody,Bennedict Mathurin,Myles Turner,Tyrese Haliburton,Aaron Nesmith,Andrew Nembhard,2,40,48,0:05:17,0:06:43,0:00:00,187,IND,substitution,,,,,Aaron Nesmith,Oshae Brissett,,,,Oshae Brissett,,,,,,sub,,,,,,SUB: Nesmith FOR Brissett
22200415,2022-23 Regular Season,2022-12-14,Kevon Looney,Donte DiVincenzo,Anthony Lamb,Stephen Curry,Moses Moody,Bennedict Mathurin,Myles Turner,Tyrese Haliburton,Aaron Nesmith,Andrew Nembhard,2,40,50,0:05:09,0:06:51,0:00:08,188,IND,shot,Myles Turner,,,,,,,,,Tyrese Haliburton,2,,,made,,layup,4,-15,36,23.5,85.4,Haliburton 4' Driving Finger Roll Layup (9 PTS) (Turner 2 AST)
22200415,2022-23 Regular Season,2022-12-14,Kevon Looney,Donte DiVincenzo,Anthony Lamb,Stephen Curry,Moses Moody,Bennedict Mathurin,Myles Turner,Tyrese Haliburton,Aaron Nesmith,Andrew Nembhard,2,40,50,0:04:57,0:07:03,0:00:12,189,GSW,shot,,,,Aaron Nesmith,,,,,,Kevon Looney,0,,,missed,,jump shot,5,0,51,25.0,10.100000000000001,Nesmith BLOCK (1 BLK): MISS Looney 5' Jump Shot
22200415,2022-23 Regular Season,2022-12-14,Kevon Looney,Donte DiVincenzo,Anthony Lamb,Stephen Curry,Moses Moody,Bennedict Mathurin,Myles Turner,Tyrese Haliburton,Aaron Nesmith,Andrew Nembhard,2,40,50,0:04:55,0:07:05,0:00:02,190,IND,rebound,,,,,,,,,,Bennedict Mathurin,,,,,,rebound defensive,,,,,,Mathurin REBOUND (Off:0 Def:2)
22200415,2022-23 Regular Season,2022-12-14,Kevon Looney,Donte DiVincenzo,Anthony Lamb,Stephen Curry,Moses Moody,Bennedict Mathurin,Myles Turner,Tyrese Haliburton,Aaron Nesmith,Andrew Nembhard,2,40,52,0:04:53,0:07:07,0:00:02,191,IND,shot,Bennedict Mathurin,,,,,,,,,Andrew Nembhard,2,,,made,,layup,2,16,16,26.6,87.4,Nembhard 2' Running Finger Roll Layup (2 PTS) (Mathurin 2 AST)
22200415,2022-23 Regular Season,2022-12-14,Kevon Looney,Donte DiVincenzo,Anthony Lamb,Stephen Curry,Moses Moody,Bennedict Mathurin,Myles Turner,Tyrese Haliburton,Aaron Nesmith,Andrew Nembhard,2,42,52,0:04:35,0:07:25,0:00:18,192,GSW,shot,Kevon Looney,,,,,,,,,Stephen Curry,2,,,made,,cutting finger roll layup shot,2,-12,15,26.2,6.5,Curry 2' Cutting Finger Roll Layup Shot (17 PTS) (Looney 3 AST)
22200415,2022-23 Regular Season,2022-12-14,Kevon Looney,Donte DiVincenzo,Anthony Lamb,Stephen Curry,Moses Moody,Bennedict Mathurin,Myles Turner,Tyrese Haliburton,Aaron Nesmith,Andrew Nembhard,2,42,52,0:04:33,0:07:27,0:00:02,193,IND,timeout,,,,,,,,,,,,,,,,timeout: regular,,,,,,PACERS Timeout: Regular (Full 2 Short 0)
22200415,2022-23 Regular Season,2022-12-14,Kevon Looney,Jordan Poole,Anthony Lamb,Stephen Curry,Moses Moody,Bennedict Mathurin,Myles Turner,Tyrese Haliburton,Aaron Nesmith,Andrew Nembhard,2,42,52,0:04:33,0:07:27,0:00:00,194,GSW,substitution,,,,,Jordan Poole,Donte DiVincenzo,,,,Donte DiVincenzo,,,,,,sub,,,,,,SUB: Poole FOR DiVincenzo
22200415,2022-23 Regular Season,2022-12-14,Kevon Looney,Jordan Poole,Draymond Green,Stephen Curry,Moses Moody,Bennedict Mathurin,Myles Turner,Tyrese Haliburton,Aaron Nesmith,Andrew Nembhard,2,42,52,0:04:33,0:07:27,0:00:00,195,GSW,substitution,,,,,Draymond Green,Anthony Lamb,,,,Anthony Lamb,,,,,,sub,,,,,,SUB: D. Green FOR Lamb
22200415,2022-23 Regular Season,2022-12-14,Kevon Looney,Jordan Poole,Draymond Green,Stephen Curry,Moses Moody,Bennedict Mathurin,Myles Turner,Tyrese Haliburton,Aaron Nesmith,Andrew Nembhard,2,42,55,0:04:22,0:07:38,0:00:11,196,IND,shot,Tyrese Haliburton,,,,,,,,,Myles Turner,3,,,made,,3pt jump shot,23,232,-1,48.2,89.1,Turner 3PT Jump Shot (14 PTS) (Haliburton 2 AST)
22200415,2022-23 Regular Season,2022-12-14,Kevon Looney,Jordan Poole,Draymond Green,Stephen Curry,Moses Moody,Bennedict Mathurin,Myles Turner,Tyrese Haliburton,Aaron Nesmith,Andrew Nembhard,2,42,55,0:04:08,0:07:52,0:00:14,197,GSW,turnover,,,,,,,,,,Draymond Green,,,bad pass,,Tyrese Haliburton,bad pass,,,,,,Haliburton STEAL (1 STL): D. Green Bad Pass Turnover (P3.T11)
22200415,2022-23 Regular Season,2022-12-14,Kevon Looney,Jordan Poole,Draymond Green,Stephen Curry,Moses Moody,Bennedict Mathurin,Myles Turner,Tyrese Haliburton,Aaron Nesmith,Andrew Nembhard,2,42,55,0:04:01,0:07:59,0:00:07,198,GSW,foul,,,,,,,,Tyrese Haliburton,,Jordan Poole,,,p.foul,,,personal,,,,,,Poole P.FOUL (P2.T4) (T.Ford)
22200415,2022-23 Regular Season,2022-12-14,Kevon Looney,Jordan Poole,Draymond Green,Stephen Curry,Moses Moody,Bennedict Mathurin,Myles Turner,Tyrese Haliburton,Aaron Nesmith,Andrew Nembhard,2,42,57,0:03:54,0:08:06,0:00:07,199,IND,shot,Tyrese Haliburton,,,,,,,,,Andrew Nembhard,2,,,made,,layup,5,-6,53,24.4,83.7,Nembhard 5' Layup (4 PTS) (Haliburton 3 AST)
22200415,2022-23 Regular Season,2022-12-14,Kevon Looney,Jordan Poole,Draymond Green,Stephen Curry,Moses Moody,Bennedict Mathurin,Myles Turner,Tyrese Haliburton,Aaron Nesmith,Andrew Nembhard,2,42,57,0:03:37,0:08:23,0:00:17,200,GSW,shot,,,,,,,,,,Draymond Green,0,,,missed,,3pt jump shot,24,237,32,1.2999999999999972,8.2,MISS D. Green 24' 3PT Jump Shot
22200415,2022-23 Regular Season,2022-12-14,Kevon Looney,Jordan Poole,Draymond Green,Stephen Curry,Moses Moody,Bennedict Mathurin,Myles Turner,Tyrese Haliburton,Aaron Nesmith,Andrew Nembhard,2,42,57,0:03:35,0:08:25,0:00:02,201,IND,rebound,,,,,,,,,,Bennedict Mathurin,,,,,,rebound defensive,,,,,,Mathurin REBOUND (Off:0 Def:3)
22200415,2022-23 Regular Season,2022-12-14,Kevon Looney,Jordan Poole,Draymond Green,Stephen Curry,Moses Moody,Bennedict Mathurin,Myles Turner,Tyrese Haliburton,Aaron Nesmith,Andrew Nembhard,2,42,60,0:03:23,0:08:37,0:00:12,202,IND,shot,Tyrese Haliburton,,,,,,,,,Aaron Nesmith,3,,,made,,3pt jump shot,23,232,15,48.2,87.5,Nesmith 3PT Jump Shot (3 PTS) (Haliburton 4 AST)
22200415,2022-23 Regular Season,2022-12-14,Kevon Looney,Jordan Poole,Draymond Green,Stephen Curry,Moses Moody,Bennedict Mathurin,Myles Turner,Tyrese Haliburton,Aaron Nesmith,Andrew Nembhard,2,42,60,0:03:09,0:08:51,0:00:14,203,GSW,turnover,,,,,,,,,,Stephen Curry,,,traveling,,,traveling,,,,,,Curry Traveling Turnover (P2.T12)
22200415,2022-23 Regular Season,2022-12-14,Kevon Looney,Jordan Poole,Draymond Green,Stephen Curry,Moses Moody,Bennedict Mathurin,Myles Turner,Tyrese Haliburton,Aaron Nesmith,Andrew Nembhard,2,42,63,0:03:04,0:08:56,0:00:05,204,IND,shot,,,,,,,,,,Tyrese Haliburton,3,,,made,,3pt pullup jump shot,27,-81,258,16.9,63.2,Haliburton 27' 3PT Pullup Jump Shot (12 PTS)
22200415,2022-23 Regular Season,2022-12-14,Kevon Looney,Jordan Poole,Draymond Green,Stephen Curry,Moses Moody,Bennedict Mathurin,Myles Turner,Tyrese Haliburton,Aaron Nesmith,Andrew Nembhard,2,42,63,0:02:40,0:09:20,0:00:24,205,GSW,shot,,,,,,,,,,Stephen Curry,0,,,missed,,driving layup,2,16,14,23.4,6.4,MISS Curry 2' Driving Layup
22200415,2022-23 Regular Season,2022-12-14,Kevon Looney,Jordan Poole,Draymond Green,Stephen Curry,Moses Moody,Bennedict Mathurin,Myles Turner,Tyrese Haliburton,Aaron Nesmith,Andrew Nembhard,2,42,63,0:02:37,0:09:23,0:00:03,206,GSW,rebound,,,,,,,,,,Kevon Looney,,,,,,rebound offensive,,,,,,Looney REBOUND (Off:1 Def:4)
22200415,2022-23 Regular Season,2022-12-14,Kevon Looney,Jordan Poole,Draymond Green,Stephen Curry,Moses Moody,Bennedict Mathurin,Myles Turner,Tyrese Haliburton,Aaron Nesmith,Andrew Nembhard,2,44,63,0:02:37,0:09:23,0:00:00,207,GSW,shot,,,,,,,,,,Kevon Looney,2,,,made,,layup,0,0,0,25.0,5.0,Looney Putback Layup (4 PTS)
22200415,2022-23 Regular Season,2022-12-14,Kevon Looney,Jordan Poole,Draymond Green,Stephen Curry,Moses Moody,Bennedict Mathurin,Myles Turner,Tyrese Haliburton,Aaron Nesmith,Andrew Nembhard,2,44,66,0:02:31,0:09:29,0:00:06,208,IND,shot,Myles Turner,,,,,,,,,Aaron Nesmith,3,,,made,,3pt jump shot,23,230,2,48.0,88.8,Nesmith 3PT Jump Shot (6 PTS) (Turner 3 AST)
22200415,2022-23 Regular Season,2022-12-14,Kevon Looney,Jordan Poole,Draymond Green,Stephen Curry,Moses Moody,Bennedict Mathurin,Myles Turner,Tyrese Haliburton,Aaron Nesmith,Andrew Nembhard,2,44,66,0:02:29,0:09:31,0:00:02,209,GSW,timeout,,,,,,,,,,,,,,,,timeout: regular,,,,,,Warriors Timeout: Regular (Reg.3 Short 0)
22200415,2022-23 Regular Season,2022-12-14,Kevon Looney,Jordan Poole,Draymond Green,Stephen Curry,Moses Moody,Bennedict Mathurin,Myles Turner,Tyrese Haliburton,Aaron Nesmith,Andrew Nembhard,2,44,66,0:02:20,0:09:40,0:00:09,210,IND,foul,,,,,,,,Jordan Poole,,Andrew Nembhard,,,p.foul,,,personal,,,,,,Nembhard P.FOUL (P1.T3) (N.Buchert)
22200415,2022-23 Regular Season,2022-12-14,Kevon Looney,Jordan Poole,Draymond Green,Stephen Curry,Moses Moody,Bennedict Mathurin,Myles Turner,Tyrese Haliburton,Aaron Nesmith,Andrew Nembhard,2,44,66,0:02:09,0:09:51,0:00:11,211,GSW,turnover,,,,,,,,,,Draymond Green,,,traveling,,,traveling,,,,,,D. Green Traveling Turnover (P4.T13)
22200415,2022-23 Regular Season,2022-12-14,Kevon Looney,Jordan Poole,Draymond Green,Stephen Curry,Moses Moody,Bennedict Mathurin,Myles Turner,Tyrese Haliburton,Aaron Nesmith,Andrew Nembhard,2,44,66,0:02:00,0:10:00,0:00:09,212,GSW,foul,,,,,,,,Tyrese Haliburton,,Jordan Poole,,,p.foul,,,personal,,,,,,Poole P.FOUL (P3.PN) (T.Ford)
22200415,2022-23 Regular Season,2022-12-14,Kevon Looney,Jordan Poole,Draymond Green,Stephen Curry,Moses Moody,Bennedict Mathurin,Myles Turner,Tyrese Haliburton,Aaron Nesmith,Andrew Nembhard,2,44,67,0:02:00,0:10:00,0:00:00,213,IND,free throw,,,,,,,1,,2,Tyrese Haliburton,1,,,made,,free throw 1/2,,,,,,Haliburton Free Throw 1 of 2 (13 PTS)
22200415,2022-23 Regular Season,2022-12-14,Kevon Looney,Donte DiVincenzo,Draymond Green,Stephen Curry,Moses Moody,Bennedict Mathurin,Myles Turner,Tyrese Haliburton,Aaron Nesmith,Andrew Nembhard,2,44,67,0:02:00,0:10:00,0:00:00,214,GSW,substitution,,,,,Donte DiVincenzo,Jordan Poole,,,,Jordan Poole,,,,,,sub,,,,,,SUB: DiVincenzo FOR Poole
22200415,2022-23 Regular Season,2022-12-14,Kevon Looney,Jordan Poole,Draymond Green,Stephen Curry,Moses Moody,Bennedict Mathurin,Myles Turner,Tyrese Haliburton,Aaron Nesmith,Andrew Nembhard,2,44,68,0:02:00,0:10:00,0:00:00,215,IND,free throw,,,,,,,2,,2,Tyrese Haliburton,1,,,made,,free throw 2/2,,,,,,Haliburton Free Throw 2 of 2 (14 PTS)
22200415,2022-23 Regular Season,2022-12-14,Kevon Looney,Donte DiVincenzo,Draymond Green,Stephen Curry,Moses Moody,Bennedict Mathurin,Myles Turner,Tyrese Haliburton,Aaron Nesmith,Andrew Nembhard,2,44,68,0:01:51,0:10:09,0:00:09,216,GSW,shot,,,,,,,,,,Stephen Curry,0,,,missed,,3pt pullup jump shot,30,70,293,18.0,34.3,MISS Curry 30' 3PT Pullup Jump Shot
22200415,2022-23 Regular Season,2022-12-14,Kevon Looney,Donte DiVincenzo,Draymond Green,Stephen Curry,Moses Moody,Bennedict Mathurin,Myles Turner,Tyrese Haliburton,Aaron Nesmith,Andrew Nembhard,2,44,68,0:01:48,0:10:12,0:00:03,217,IND,rebound,,,,,,,,,,Andrew Nembhard,,,,,,rebound defensive,,,,,,Nembhard REBOUND (Off:0 Def:2)
22200415,2022-23 Regular Season,2022-12-14,Kevon Looney,Donte DiVincenzo,Draymond Green,Stephen Curry,Moses Moody,Bennedict Mathurin,Myles Turner,Tyrese Haliburton,Aaron Nesmith,Andrew Nembhard,2,44,68,0:01:46,0:10:14,0:00:02,218,IND,turnover,,,,,,,,,,Tyrese Haliburton,,,,,,discontinue dribble,,,,,,Haliburton Discontinue Dribble Turnover (P2.T7)
22200415,2022-23 Regular Season,2022-12-14,Kevon Looney,Donte DiVincenzo,Draymond Green,Stephen Curry,Moses Moody,Bennedict Mathurin,Myles Turner,Tyrese Haliburton,Aaron Nesmith,Andrew Nembhard,2,44,68,0:01:35,0:10:25,0:00:11,219,IND,foul,,,,,,,,Stephen Curry,,Andrew Nembhard,,,p.foul,,,personal,,,,,,Nembhard P.FOUL (P2.T4) (T.Ford)
22200415,2022-23 Regular Season,2022-12-14,Kevon Looney,Donte DiVincenzo,Draymond Green,Stephen Curry,Moses Moody,Bennedict Mathurin,Myles Turner,Tyrese Haliburton,Aaron Nesmith,Andrew Nembhard,2,44,68,0:01:29,0:10:31,0:00:06,220,IND,foul,,,,,,,,Stephen Curry,,Andrew Nembhard,,,p.foul,,,personal,,,,,,Nembhard P.FOUL (P3.PN) (J.Goldenberg)
22200415,2022-23 Regular Season,2022-12-14,Kevon Looney,Donte DiVincenzo,Draymond Green,Stephen Curry,Moses Moody,Bennedict Mathurin,Myles Turner,Tyrese Haliburton,Aaron Nesmith,Andrew Nembhard,2,45,68,0:01:29,0:10:31,0:00:00,221,GSW,free throw,,,,,,,1,,2,Stephen Curry,1,,,made,,free throw 1/2,,,,,,Curry Free Throw 1 of 2 (18 PTS)
22200415,2022-23 Regular Season,2022-12-14,Kevon Looney,Donte DiVincenzo,Draymond Green,Stephen Curry,Moses Moody,Bennedict Mathurin,Myles Turner,Tyrese Haliburton,Aaron Nesmith,Buddy Hield,2,45,68,0:01:29,0:10:31,0:00:00,222,IND,substitution,,,,,Buddy Hield,Andrew Nembhard,,,,Andrew Nembhard,,,,,,sub,,,,,,SUB: Hield FOR Nembhard
22200415,2022-23 Regular Season,2022-12-14,Kevon Looney,Donte DiVincenzo,Draymond Green,Stephen Curry,Moses Moody,Bennedict Mathurin,Myles Turner,Tyrese Haliburton,Aaron Nesmith,Andrew Nembhard,2,46,68,0:01:29,0:10:31,0:00:00,223,GSW,free throw,,,,,,,2,,2,Stephen Curry,1,,,made,,free throw 2/2,,,,,,Curry Free Throw 2 of 2 (19 PTS)
22200415,2022-23 Regular Season,2022-12-14,Kevon Looney,Donte DiVincenzo,Draymond Green,Stephen Curry,Moses Moody,Bennedict Mathurin,Myles Turner,Tyrese Haliburton,Aaron Nesmith,Buddy Hield,2,46,71,0:01:24,0:10:36,0:00:05,224,IND,shot,,,,,,,,,,Tyrese Haliburton,3,,,made,,3pt pullup jump shot,29,-178,232,7.199999999999999,65.8,Haliburton 29' 3PT Pullup Jump Shot (17 PTS)
22200415,2022-23 Regular Season,2022-12-14,Kevon Looney,Donte DiVincenzo,Draymond Green,Stephen Curry,Moses Moody,Bennedict Mathurin,Myles Turner,Tyrese Haliburton,Aaron Nesmith,Buddy Hield,2,48,71,0:01:11,0:10:49,0:00:13,225,GSW,shot,,,,,,,,,,Stephen Curry,2,,,made,,layup,0,5,-1,24.5,4.9,Curry 1' Driving Finger Roll Layup (21 PTS)
22200415,2022-23 Regular Season,2022-12-14,Kevon Looney,Donte DiVincenzo,Draymond Green,Stephen Curry,Moses Moody,Bennedict Mathurin,Myles Turner,Tyrese Haliburton,Aaron Nesmith,Buddy Hield,2,48,71,0:00:53,0:11:07,0:00:18,226,IND,turnover,,,,,,,,,,Buddy Hield,,,traveling,,,traveling,,,,,,Hield Traveling Turnover (P1.T8)
22200415,2022-23 Regular Season,2022-12-14,Kevon Looney,Donte DiVincenzo,Draymond Green,Stephen Curry,Moses Moody,Bennedict Mathurin,Myles Turner,Tyrese Haliburton,Aaron Nesmith,Buddy Hield,2,51,71,0:00:49,0:11:11,0:00:04,227,GSW,shot,,,,,,,,,,Stephen Curry,3,,,made,,3pt pullup jump shot,30,2,295,24.8,34.5,Curry 30' 3PT Pullup Jump Shot (24 PTS)
22200415,2022-23 Regular Season,2022-12-14,Kevon Looney,Donte DiVincenzo,Draymond Green,Stephen Curry,Moses Moody,Bennedict Mathurin,Myles Turner,Tyrese Haliburton,Aaron Nesmith,Buddy Hield,2,51,71,0:00:32,0:11:28,0:00:17,228,IND,shot,,,,,,,,,,Bennedict Mathurin,0,,,missed,,driving layup,3,-26,8,22.4,88.2,MISS Mathurin 3' Driving Layup
22200415,2022-23 Regular Season,2022-12-14,Kevon Looney,Donte DiVincenzo,Draymond Green,Stephen Curry,Moses Moody,Bennedict Mathurin,Myles Turner,Tyrese Haliburton,Aaron Nesmith,Buddy Hield,2,51,71,0:00:30,0:11:30,0:00:02,229,GSW,rebound,,,,,,,,,,Stephen Curry,,,,,,rebound defensive,,,,,,Curry REBOUND (Off:0 Def:3)
22200415,2022-23 Regular Season,2022-12-14,Kevon Looney,Donte DiVincenzo,Draymond Green,Stephen Curry,Moses Moody,Bennedict Mathurin,Myles Turner,Tyrese Haliburton,Aaron Nesmith,Buddy Hield,2,51,71,0:00:24,0:11:36,0:00:06,230,GSW,turnover,,,,,,,,,,Stephen Curry,,,bad pass,,Myles Turner,bad pass,,,,,,Turner STEAL (2 STL): Curry Bad Pass Turnover (P3.T14)
22200415,2022-23 Regular Season,2022-12-14,Kevon Looney,Donte DiVincenzo,Draymond Green,Stephen Curry,Moses Moody,Bennedict Mathurin,Myles Turner,Tyrese Haliburton,Aaron Nesmith,Buddy Hield,2,51,74,0:00:20,0:11:40,0:00:04,231,IND,shot,Bennedict Mathurin,,,,,,,,,Tyrese Haliburton,3,,,made,,3pt running jump shot,25,233,94,48.3,79.6,Haliburton 25' 3PT Running Jump Shot (20 PTS) (Mathurin 3 AST)
22200415,2022-23 Regular Season,2022-12-14,Kevon Looney,Donte DiVincenzo,Draymond Green,Stephen Curry,Moses Moody,Bennedict Mathurin,Myles Turner,Tyrese Haliburton,Aaron Nesmith,Buddy Hield,2,54,74,0:00:01,0:11:59,0:00:19,232,GSW,shot,Draymond Green,,,,,,,,,Stephen Curry,3,,,made,,3pt pullup jump shot,25,-216,127,46.6,17.700000000000003,Curry 25' 3PT Pullup Jump Shot (27 PTS) (D. Green 2 AST)
22200415,2022-23 Regular Season,2022-12-14,Kevon Looney,Donte DiVincenzo,Draymond Green,Stephen Curry,Moses Moody,Bennedict Mathurin,Myles Turner,Tyrese Haliburton,Aaron Nesmith,Buddy Hield,2,54,74,0:00:00,0:12:00,0:00:01,233,,,,,,,,,,,,,,,,,,unknown,,,,,,
22200415,2022-23 Regular Season,2022-12-14,Kevon Looney,Donte DiVincenzo,Draymond Green,Stephen Curry,Moses Moody,Bennedict Mathurin,Myles Turner,Tyrese Haliburton,Aaron Nesmith,Buddy Hield,2,54,74,0:00:00,0:12:00,0:00:00,234,,end of period,,,,,,,,,,,,,,,,end of period,,,,,,
22200415,2022-23 Regular Season,2022-12-14,Jordan Poole,Stephen Curry,Donte DiVincenzo,Jonathan Kuminga,Draymond Green,Buddy Hield,Aaron Nesmith,Myles Turner,Tyrese Haliburton,Andrew Nembhard,3,54,74,0:12:00,0:00:00,0:00:00,235,,start of period,,,,,,,,,,,,,,,,start of period,,,,,,
22200415,2022-23 Regular Season,2022-12-14,Jordan Poole,Stephen Curry,Donte DiVincenzo,Jonathan Kuminga,Draymond Green,Buddy Hield,Aaron Nesmith,Myles Turner,Tyrese Haliburton,Andrew Nembhard,3,54,77,0:11:43,0:00:17,0:00:17,236,IND,shot,Aaron Nesmith,,,,,,,,,Buddy Hield,3,,,made,,3pt jump shot,26,88,250,33.8,64.0,Hield 27' 3PT Jump Shot (12 PTS) (Nesmith 1 AST)
22200415,2022-23 Regular Season,2022-12-14,Jordan Poole,Stephen Curry,Donte DiVincenzo,Jonathan Kuminga,Draymond Green,Buddy Hield,Aaron Nesmith,Myles Turner,Tyrese Haliburton,Andrew Nembhard,3,56,77,0:11:22,0:00:38,0:00:21,237,GSW,shot,Stephen Curry,,,,,,,,,Jordan Poole,2,,,made,,layup,2,10,18,24.0,6.8,Poole 2' Driving Finger Roll Layup (10 PTS) (Curry 4 AST)
22200415,2022-23 Regular Season,2022-12-14,Jordan Poole,Stephen Curry,Donte DiVincenzo,Jonathan Kuminga,Draymond Green,Buddy Hield,Aaron Nesmith,Myles Turner,Tyrese Haliburton,Andrew Nembhard,3,56,77,0:11:10,0:00:50,0:00:12,238,IND,shot,,,,,,,,,,Myles Turner,0,,,missed,,layup,4,27,29,27.7,86.1,MISS Turner 4' Driving Finger Roll Layup
22200415,2022-23 Regular Season,2022-12-14,Jordan Poole,Stephen Curry,Donte DiVincenzo,Jonathan Kuminga,Draymond Green,Buddy Hield,Aaron Nesmith,Myles Turner,Tyrese Haliburton,Andrew Nembhard,3,56,77,0:11:08,0:00:52,0:00:02,239,GSW,rebound,,,,,,,,,,Stephen Curry,,,,,,rebound defensive,,,,,,Curry REBOUND (Off:0 Def:4)
22200415,2022-23 Regular Season,2022-12-14,Jordan Poole,Stephen Curry,Donte DiVincenzo,Jonathan Kuminga,Draymond Green,Buddy Hield,Aaron Nesmith,Myles Turner,Tyrese Haliburton,Andrew Nembhard,3,56,77,0:11:05,0:00:55,0:00:03,240,GSW,turnover,,,,,,,,,,Donte DiVincenzo,,,bad pass,,,bad pass,,,,,,DiVincenzo Out of Bounds - Bad Pass Turnover Turnover (P2.T15)
22200415,2022-23 Regular Season,2022-12-14,Jordan Poole,Stephen Curry,Donte DiVincenzo,Jonathan Kuminga,Draymond Green,Buddy Hield,Aaron Nesmith,Myles Turner,Tyrese Haliburton,Andrew Nembhard,3,56,77,0:11:00,0:01:00,0:00:05,241,IND,shot,,,,,,,,,,Tyrese Haliburton,0,,,missed,,driving layup,2,16,4,26.6,88.6,MISS Haliburton 2' Driving Layup
22200415,2022-23 Regular Season,2022-12-14,Jordan Poole,Stephen Curry,Donte DiVincenzo,Jonathan Kuminga,Draymond Green,Buddy Hield,Aaron Nesmith,Myles Turner,Tyrese Haliburton,Andrew Nembhard,3,56,77,0:10:58,0:01:02,0:00:02,242,IND,rebound,,,,,,,,,,,,,,,,team rebound,,,,,,PACERS Rebound
22200415,2022-23 Regular Season,2022-12-14,Jordan Poole,Stephen Curry,Donte DiVincenzo,Jonathan Kuminga,Draymond Green,Buddy Hield,Aaron Nesmith,Myles Turner,Tyrese Haliburton,Andrew Nembhard,3,56,77,0:10:58,0:01:02,0:00:00,243,IND,turnover,,,,,,,,,,Tyrese Haliburton,,,,,,kicked ball,,,,,,Haliburton Kicked Ball Violation Turnover (P3.T9)
22200415,2022-23 Regular Season,2022-12-14,Jordan Poole,Stephen Curry,Donte DiVincenzo,Jonathan Kuminga,Draymond Green,Buddy Hield,Aaron Nesmith,Myles Turner,Tyrese Haliburton,Andrew Nembhard,3,56,77,0:10:49,0:01:11,0:00:09,244,IND,foul,,,,,,,,Stephen Curry,,Buddy Hield,,,s.foul,,,shooting,,,,,,Hield S.FOUL (P2.T1) (T.Ford)
22200415,2022-23 Regular Season,2022-12-14,Jordan Poole,Stephen Curry,Donte DiVincenzo,Jonathan Kuminga,Draymond Green,Buddy Hield,Aaron Nesmith,Myles Turner,Tyrese Haliburton,Andrew Nembhard,3,57,77,0:10:49,0:01:11,0:00:00,245,GSW,free throw,,,,,,,1,,2,Stephen Curry,1,,,made,,free throw 1/2,,,,,,Curry Free Throw 1 of 2 (28 PTS)
22200415,2022-23 Regular Season,2022-12-14,Jordan Poole,Stephen Curry,Donte DiVincenzo,Jonathan Kuminga,Draymond Green,Buddy Hield,Aaron Nesmith,Myles Turner,Tyrese Haliburton,Andrew Nembhard,3,58,77,0:10:49,0:01:11,0:00:00,246,GSW,free throw,,,,,,,2,,2,Stephen Curry,1,,,made,,free throw 2/2,,,,,,Curry Free Throw 2 of 2 (29 PTS)
22200415,2022-23 Regular Season,2022-12-14,Jordan Poole,Stephen Curry,Donte DiVincenzo,Jonathan Kuminga,Draymond Green,Buddy Hield,Aaron Nesmith,Myles Turner,Tyrese Haliburton,Andrew Nembhard,3,58,77,0:10:38,0:01:22,0:00:11,247,IND,turnover,,,,,,,,,,Buddy Hield,,,traveling,,,traveling,,,,,,Hield Traveling Turnover (P2.T10)
22200415,2022-23 Regular Season,2022-12-14,Jordan Poole,Stephen Curry,Donte DiVincenzo,Jonathan Kuminga,Draymond Green,Buddy Hield,Aaron Nesmith,Myles Turner,Tyrese Haliburton,Andrew Nembhard,3,60,77,0:10:29,0:01:31,0:00:09,248,GSW,shot,Stephen Curry,,,,,,,,,Jonathan Kuminga,2,,,made,,cutting finger roll layup shot,1,-5,10,25.5,6.0,Kuminga 1' Cutting Finger Roll Layup Shot (4 PTS) (Curry 5 AST)
22200415,2022-23 Regular Season,2022-12-14,Jordan Poole,Stephen Curry,Donte DiVincenzo,Jonathan Kuminga,Draymond Green,Buddy Hield,Aaron Nesmith,Myles Turner,Tyrese Haliburton,Andrew Nembhard,3,60,77,0:10:27,0:01:33,0:00:02,249,IND,timeout,,,,,,,,,,,,,,,,timeout: regular,,,,,,PACERS Timeout: Regular (Full 3 Short 0)
22200415,2022-23 Regular Season,2022-12-14,Jordan Poole,Stephen Curry,Donte DiVincenzo,Jonathan Kuminga,Draymond Green,Buddy Hield,Aaron Nesmith,Myles Turner,Tyrese Haliburton,Andrew Nembhard,3,60,77,0:10:08,0:01:52,0:00:19,250,IND,shot,,,,,,,,,,Buddy Hield,0,,,missed,,3pt jump shot,22,-224,3,2.599999999999998,88.7,MISS Hield 3PT Jump Shot
22200415,2022-23 Regular Season,2022-12-14,Jordan Poole,Stephen Curry,Donte DiVincenzo,Jonathan Kuminga,Draymond Green,Buddy Hield,Aaron Nesmith,Myles Turner,Tyrese Haliburton,Andrew Nembhard,3,60,77,0:10:06,0:01:54,0:00:02,251,GSW,rebound,,,,,,,,,,Stephen Curry,,,,,,rebound defensive,,,,,,Curry REBOUND (Off:0 Def:5)
22200415,2022-23 Regular Season,2022-12-14,Jordan Poole,Stephen Curry,Donte DiVincenzo,Jonathan Kuminga,Draymond Green,Buddy Hield,Aaron Nesmith,Myles Turner,Tyrese Haliburton,Andrew Nembhard,3,60,77,0:10:03,0:01:57,0:00:03,252,IND,foul,,,,,,,,Stephen Curry,,Myles Turner,,,p.foul,,,personal,,,,,,Turner P.FOUL (P2.T2) (J.Goldenberg)
22200415,2022-23 Regular Season,2022-12-14,Jordan Poole,Stephen Curry,Donte DiVincenzo,Jonathan Kuminga,Draymond Green,Buddy Hield,Aaron Nesmith,Myles Turner,Tyrese Haliburton,Andrew Nembhard,3,60,77,0:10:00,0:02:00,0:00:03,253,GSW,shot,,,,,,,,,,Jordan Poole,0,,,missed,,driving floating jump shot,10,-61,85,31.1,13.5,MISS Poole 10' Driving Floating Jump Shot
22200415,2022-23 Regular Season,2022-12-14,Jordan Poole,Stephen Curry,Donte DiVincenzo,Jonathan Kuminga,Draymond Green,Buddy Hield,Aaron Nesmith,Myles Turner,Tyrese Haliburton,Andrew Nembhard,3,60,77,0:09:56,0:02:04,0:00:04,254,IND,rebound,,,,,,,,,,Aaron Nesmith,,,,,,rebound defensive,,,,,,Nesmith REBOUND (Off:0 Def:2)
22200415,2022-23 Regular Season,2022-12-14,Jordan Poole,Stephen Curry,Donte DiVincenzo,Jonathan Kuminga,Draymond Green,Buddy Hield,Aaron Nesmith,Myles Turner,Tyrese Haliburton,Andrew Nembhard,3,60,77,0:09:51,0:02:09,0:00:05,255,IND,shot,,,,,,,,,,Aaron Nesmith,0,,,missed,,3pt running jump shot,26,135,222,38.5,66.8,MISS Nesmith 26' 3PT Running Jump Shot
22200415,2022-23 Regular Season,2022-12-14,Jordan Poole,Stephen Curry,Donte DiVincenzo,Jonathan Kuminga,Draymond Green,Buddy Hield,Aaron Nesmith,Myles Turner,Tyrese Haliburton,Andrew Nembhard,3,60,77,0:09:49,0:02:11,0:00:02,256,GSW,rebound,,,,,,,,,,,,,,,,rebound defensive,,,,,,Warriors Rebound
22200415,2022-23 Regular Season,2022-12-14,Jordan Poole,Stephen Curry,Donte DiVincenzo,Jonathan Kuminga,Draymond Green,Buddy Hield,Aaron Nesmith,Myles Turner,Tyrese Haliburton,Andrew Nembhard,3,62,77,0:09:37,0:02:23,0:00:12,257,GSW,shot,,,,,,,,,,Donte DiVincenzo,2,,,made,,turnaround fadeaway,16,-89,137,33.9,18.700000000000003,DiVincenzo 16' Turnaround Fadeaway (5 PTS)
22200415,2022-23 Regular Season,2022-12-14,Jordan Poole,Stephen Curry,Donte DiVincenzo,Jonathan Kuminga,Draymond Green,Buddy Hield,Aaron Nesmith,Myles Turner,Tyrese Haliburton,Andrew Nembhard,3,62,77,0:09:14,0:02:46,0:00:23,258,IND,shot,,,,,,,,,,Myles Turner,0,,,missed,,layup,6,16,56,26.6,83.4,MISS Turner 6' Layup
22200415,2022-23 Regular Season,2022-12-14,Jordan Poole,Stephen Curry,Donte DiVincenzo,Jonathan Kuminga,Draymond Green,Buddy Hield,Aaron Nesmith,Myles Turner,Tyrese Haliburton,Andrew Nembhard,3,62,77,0:09:12,0:02:48,0:00:02,259,GSW,rebound,,,,,,,,,,Stephen Curry,,,,,,rebound defensive,,,,,,Curry REBOUND (Off:0 Def:6)
22200415,2022-23 Regular Season,2022-12-14,Jordan Poole,Stephen Curry,Donte DiVincenzo,Jonathan Kuminga,Draymond Green,Buddy Hield,Aaron Nesmith,Myles Turner,Tyrese Haliburton,Andrew Nembhard,3,64,77,0:09:09,0:02:51,0:00:03,260,GSW,shot,Stephen Curry,,,,,,,,,Jordan Poole,2,,,made,,layup,3,17,21,23.3,7.1,Poole 3' Running Finger Roll Layup (12 PTS) (Curry 6 AST)
22200415,2022-23 Regular Season,2022-12-14,Jordan Poole,Stephen Curry,Donte DiVincenzo,Jonathan Kuminga,Draymond Green,Buddy Hield,Aaron Nesmith,Myles Turner,Tyrese Haliburton,Andrew Nembhard,3,64,77,0:08:45,0:03:15,0:00:24,261,IND,shot,,,,Jonathan Kuminga,,,,,,Tyrese Haliburton,0,,,missed,,3pt jump shot,27,-224,146,2.599999999999998,74.4,MISS Haliburton 27' 3PT Jump Shot: Kuminga BLOCK (1 BLK)
22200415,2022-23 Regular Season,2022-12-14,Jordan Poole,Stephen Curry,Donte DiVincenzo,Jonathan Kuminga,Draymond Green,Buddy Hield,Aaron Nesmith,Myles Turner,Tyrese Haliburton,Andrew Nembhard,3,64,77,0:08:42,0:03:18,0:00:03,262,IND,rebound,,,,,,,,,,Aaron Nesmith,,,,,,rebound offensive,,,,,,Nesmith REBOUND (Off:1 Def:2)
22200415,2022-23 Regular Season,2022-12-14,Jordan Poole,Stephen Curry,Donte DiVincenzo,Jonathan Kuminga,Draymond Green,Buddy Hield,Aaron Nesmith,Myles Turner,Tyrese Haliburton,Andrew Nembhard,3,64,77,0:08:42,0:03:18,0:00:00,263,IND,turnover,,,,,,,,,,,,,,,,shot clock,,,,,,PACERS Turnover: Shot Clock (T#11)
22200415,2022-23 Regular Season,2022-12-14,Jordan Poole,Stephen Curry,Donte DiVincenzo,Jonathan Kuminga,Draymond Green,Buddy Hield,Aaron Nesmith,Myles Turner,Tyrese Haliburton,Andrew Nembhard,3,64,77,0:08:29,0:03:31,0:00:13,264,IND,foul,,,,,,,,Stephen Curry,,Tyrese Haliburton,,,s.foul,,,shooting,,,,,,Haliburton S.FOUL (P1.T3) (N.Buchert)
22200415,2022-23 Regular Season,2022-12-14,Jordan Poole,Stephen Curry,Donte DiVincenzo,Jonathan Kuminga,Draymond Green,Buddy Hield,Aaron Nesmith,Myles Turner,Tyrese Haliburton,Andrew Nembhard,3,65,77,0:08:29,0:03:31,0:00:00,265,GSW,free throw,,,,,,,1,,3,Stephen Curry,1,,,made,,free throw 1/3,,,,,,Curry Free Throw 1 of 3 (30 PTS)
22200415,2022-23 Regular Season,2022-12-14,Jordan Poole,Stephen Curry,Donte DiVincenzo,Jonathan Kuminga,Draymond Green,Buddy Hield,Aaron Nesmith,Myles Turner,Tyrese Haliburton,Andrew Nembhard,3,66,77,0:08:29,0:03:31,0:00:00,266,GSW,free throw,,,,,,,2,,3,Stephen Curry,1,,,made,,free throw 2/3,,,,,,Curry Free Throw 2 of 3 (31 PTS)
22200415,2022-23 Regular Season,2022-12-14,Jordan Poole,Stephen Curry,Donte DiVincenzo,Jonathan Kuminga,Draymond Green,Buddy Hield,Aaron Nesmith,Myles Turner,Tyrese Haliburton,Andrew Nembhard,3,67,77,0:08:29,0:03:31,0:00:00,267,GSW,free throw,,,,,,,3,,3,Stephen Curry,1,,,made,,free throw 3/3,,,,,,Curry Free Throw 3 of 3 (32 PTS)
22200415,2022-23 Regular Season,2022-12-14,Jordan Poole,Stephen Curry,Donte DiVincenzo,Jonathan Kuminga,Draymond Green,Buddy Hield,Aaron Nesmith,Myles Turner,Tyrese Haliburton,Andrew Nembhard,3,67,77,0:08:21,0:03:39,0:00:08,268,GSW,foul,,,,,,,,Myles Turner,,Jonathan Kuminga,,,p.foul,,,personal,,,,,,Kuminga P.FOUL (P2.T1) (T.Ford)
22200415,2022-23 Regular Season,2022-12-14,Jordan Poole,Stephen Curry,Donte DiVincenzo,Jonathan Kuminga,Draymond Green,Buddy Hield,Aaron Nesmith,Myles Turner,Tyrese Haliburton,Andrew Nembhard,3,67,77,0:08:16,0:03:44,0:00:05,269,IND,shot,,,,,,,,,,Buddy Hield,0,,,missed,,3pt jump shot,25,-119,220,13.1,67.0,MISS Hield 25' 3PT Jump Shot
22200415,2022-23 Regular Season,2022-12-14,Jordan Poole,Stephen Curry,Donte DiVincenzo,Jonathan Kuminga,Draymond Green,Buddy Hield,Aaron Nesmith,Myles Turner,Tyrese Haliburton,Andrew Nembhard,3,67,77,0:08:12,0:03:48,0:00:04,270,GSW,rebound,,,,,,,,,,Jonathan Kuminga,,,,,,rebound defensive,,,,,,Kuminga REBOUND (Off:1 Def:1)
22200415,2022-23 Regular Season,2022-12-14,Jordan Poole,Stephen Curry,Donte DiVincenzo,Jonathan Kuminga,Draymond Green,Buddy Hield,Aaron Nesmith,Myles Turner,Tyrese Haliburton,Andrew Nembhard,3,67,77,0:08:06,0:03:54,0:00:06,271,GSW,shot,,,,,,,,,,Jonathan Kuminga,0,,,missed,,driving floating jump shot,6,9,58,24.1,10.8,MISS Kuminga 6' Driving Floating Jump Shot
22200415,2022-23 Regular Season,2022-12-14,Jordan Poole,Stephen Curry,Donte DiVincenzo,Jonathan Kuminga,Draymond Green,Buddy Hield,Aaron Nesmith,Myles Turner,Tyrese Haliburton,Andrew Nembhard,3,67,77,0:08:04,0:03:56,0:00:02,272,GSW,rebound,,,,,,,,,,Jonathan Kuminga,,,,,,rebound offensive,,,,,,Kuminga REBOUND (Off:2 Def:1)
22200415,2022-23 Regular Season,2022-12-14,Jordan Poole,Stephen Curry,Donte DiVincenzo,Jonathan Kuminga,Draymond Green,Buddy Hield,Aaron Nesmith,Myles Turner,Tyrese Haliburton,Andrew Nembhard,3,67,77,0:08:04,0:03:56,0:00:00,273,IND,foul,,,,,,,,Jonathan Kuminga,,Myles Turner,,,s.foul,,,shooting,,,,,,Turner S.FOUL (P3.T4) (T.Ford)
22200415,2022-23 Regular Season,2022-12-14,Jordan Poole,Stephen Curry,Donte DiVincenzo,Jonathan Kuminga,Draymond Green,Buddy Hield,Aaron Nesmith,Myles Turner,Tyrese Haliburton,Andrew Nembhard,3,67,77,0:08:04,0:03:56,0:00:00,274,GSW,free throw,,,,,,,1,,2,Jonathan Kuminga,0,,,missed,,free throw 1/2,,,,,,MISS Kuminga Free Throw 1 of 2
22200415,2022-23 Regular Season,2022-12-14,Jordan Poole,Stephen Curry,Donte DiVincenzo,Jonathan Kuminga,Draymond Green,Buddy Hield,Aaron Nesmith,Myles Turner,Tyrese Haliburton,Andrew Nembhard,3,67,77,0:08:04,0:03:56,0:00:00,275,GSW,rebound,,,,,,,,,,,,,,,,team rebound,,,,,,Warriors Rebound
22200415,2022-23 Regular Season,2022-12-14,Jordan Poole,Stephen Curry,Donte DiVincenzo,Jonathan Kuminga,Draymond Green,Buddy Hield,Aaron Nesmith,Jalen Smith,Tyrese Haliburton,Andrew Nembhard,3,67,77,0:08:04,0:03:56,0:00:00,276,IND,substitution,,,,,Jalen Smith,Myles Turner,,,,Myles Turner,,,,,,sub,,,,,,SUB: Smith FOR Turner
22200415,2022-23 Regular Season,2022-12-14,Jordan Poole,Stephen Curry,Donte DiVincenzo,Jonathan Kuminga,Draymond Green,Buddy Hield,Aaron Nesmith,Myles Turner,Tyrese Haliburton,Andrew Nembhard,3,68,77,0:08:04,0:03:56,0:00:00,277,GSW,free throw,,,,,,,2,,2,Jonathan Kuminga,1,,,made,,free throw 2/2,,,,,,Kuminga Free Throw 2 of 2 (5 PTS)
22200415,2022-23 Regular Season,2022-12-14,Jordan Poole,Stephen Curry,Donte DiVincenzo,Jonathan Kuminga,Draymond Green,Buddy Hield,Aaron Nesmith,Jalen Smith,Tyrese Haliburton,Andrew Nembhard,3,68,77,0:07:48,0:04:12,0:00:16,278,IND,turnover,,,,,,,,,,Andrew Nembhard,,,bad pass,,Jonathan Kuminga,bad pass,,,,,,Nembhard Bad Pass Turnover (P1.T12): Kuminga STEAL (1 STL)
22200415,2022-23 Regular Season,2022-12-14,Jordan Poole,Stephen Curry,Donte DiVincenzo,Jonathan Kuminga,Draymond Green,Buddy Hield,Aaron Nesmith,Jalen Smith,Tyrese Haliburton,Andrew Nembhard,3,68,77,0:07:43,0:04:17,0:00:05,279,GSW,turnover,,,,,,,,,,Jonathan Kuminga,,,bad pass,,,bad pass,,,,,,Kuminga Out of Bounds - Bad Pass Turnover Turnover (P2.T16)
22200415,2022-23 Regular Season,2022-12-14,Jordan Poole,Stephen Curry,Donte DiVincenzo,Jonathan Kuminga,Draymond Green,Buddy Hield,Aaron Nesmith,Jalen Smith,Tyrese Haliburton,Andrew Nembhard,3,68,77,0:07:36,0:04:24,0:00:07,280,GSW,foul,,,,,,,,Tyrese Haliburton,,Jonathan Kuminga,,,s.foul,,,shooting,,,,,,Kuminga S.FOUL (P3.T2) (T.Ford)
22200415,2022-23 Regular Season,2022-12-14,Jordan Poole,Stephen Curry,Donte DiVincenzo,Jonathan Kuminga,Draymond Green,Buddy Hield,Aaron Nesmith,Jalen Smith,Tyrese Haliburton,Andrew Nembhard,3,68,78,0:07:36,0:04:24,0:00:00,281,IND,free throw,,,,,,,1,,2,Tyrese Haliburton,1,,,made,,free throw 1/2,,,,,,Haliburton Free Throw 1 of 2 (21 PTS)
22200415,2022-23 Regular Season,2022-12-14,Jordan Poole,Stephen Curry,Donte DiVincenzo,Jonathan Kuminga,Draymond Green,Buddy Hield,Aaron Nesmith,Jalen Smith,Tyrese Haliburton,Andrew Nembhard,3,68,78,0:07:36,0:04:24,0:00:00,282,IND,free throw,,,,,,,2,,2,Tyrese Haliburton,0,,,missed,,free throw 2/2,,,,,,MISS Haliburton Free Throw 2 of 2
22200415,2022-23 Regular Season,2022-12-14,Jordan Poole,Stephen Curry,Donte DiVincenzo,Jonathan Kuminga,Draymond Green,Buddy Hield,Aaron Nesmith,Jalen Smith,Tyrese Haliburton,Andrew Nembhard,3,68,78,0:07:34,0:04:26,0:00:02,283,GSW,rebound,,,,,,,,,,Donte DiVincenzo,,,,,,rebound defensive,,,,,,DiVincenzo REBOUND (Off:0 Def:6)
22200415,2022-23 Regular Season,2022-12-14,Jordan Poole,Stephen Curry,Donte DiVincenzo,Jonathan Kuminga,Draymond Green,Buddy Hield,Aaron Nesmith,Jalen Smith,Tyrese Haliburton,Andrew Nembhard,3,68,78,0:07:18,0:04:42,0:00:16,284,GSW,shot,,,,Tyrese Haliburton,,,,,,Jonathan Kuminga,0,,,missed,,jump shot,6,6,64,24.4,11.4,Haliburton BLOCK (2 BLK): MISS Kuminga 6' Turnaround Jump Shot
22200415,2022-23 Regular Season,2022-12-14,Jordan Poole,Stephen Curry,Donte DiVincenzo,Jonathan Kuminga,Draymond Green,Buddy Hield,Aaron Nesmith,Jalen Smith,Tyrese Haliburton,Andrew Nembhard,3,68,78,0:07:17,0:04:43,0:00:01,285,IND,rebound,,,,,,,,,,Jalen Smith,,,,,,rebound defensive,,,,,,Smith REBOUND (Off:0 Def:4)
22200415,2022-23 Regular Season,2022-12-14,Jordan Poole,Stephen Curry,Donte DiVincenzo,Jonathan Kuminga,Draymond Green,Buddy Hield,Aaron Nesmith,Jalen Smith,Tyrese Haliburton,Andrew Nembhard,3,68,78,0:07:12,0:04:48,0:00:05,286,IND,shot,,,,,,,,,,Tyrese Haliburton,0,,,missed,,3pt step back jump shot,25,-27,253,22.3,63.7,MISS Haliburton 25' 3PT Step Back Jump Shot
22200415,2022-23 Regular Season,2022-12-14,Jordan Poole,Stephen Curry,Donte DiVincenzo,Jonathan Kuminga,Draymond Green,Buddy Hield,Aaron Nesmith,Jalen Smith,Tyrese Haliburton,Andrew Nembhard,3,68,78,0:07:10,0:04:50,0:00:02,287,IND,rebound,,,,,,,,,,,,,,,,rebound offensive,,,,,,PACERS Rebound
22200415,2022-23 Regular Season,2022-12-14,Jordan Poole,Stephen Curry,Donte DiVincenzo,Jonathan Kuminga,Draymond Green,Buddy Hield,Aaron Nesmith,Jalen Smith,Tyrese Haliburton,Andrew Nembhard,3,68,78,0:07:10,0:04:50,0:00:00,288,GSW,foul,,,,,,,,Jalen Smith,,Jordan Poole,,,l.b.foul,,,loose ball,,,,,,Poole L.B.FOUL (P4.T3) (J.Goldenberg)
22200415,2022-23 Regular Season,2022-12-14,Moses Moody,Stephen Curry,Donte DiVincenzo,Jonathan Kuminga,Draymond Green,Buddy Hield,Aaron Nesmith,Jalen Smith,Tyrese Haliburton,Andrew Nembhard,3,68,78,0:07:10,0:04:50,0:00:00,289,GSW,substitution,,,,,Moses Moody,Jordan Poole,,,,Jordan Poole,,,,,,sub,,,,,,SUB: Moody FOR Poole
22200415,2022-23 Regular Season,2022-12-14,Moses Moody,Stephen Curry,Donte DiVincenzo,Jonathan Kuminga,Draymond Green,Buddy Hield,Aaron Nesmith,Jalen Smith,Tyrese Haliburton,Andrew Nembhard,3,68,78,0:07:04,0:04:56,0:00:06,290,IND,foul,,,,,,,,Moses Moody,,Jalen Smith,,,,,,offensive,,,,,,Smith OFF.Foul (P2) (J.Goldenberg)
22200415,2022-23 Regular Season,2022-12-14,Moses Moody,Stephen Curry,Donte DiVincenzo,Jonathan Kuminga,Draymond Green,Buddy Hield,Aaron Nesmith,Jalen Smith,Tyrese Haliburton,Andrew Nembhard,3,68,78,0:07:04,0:04:56,0:00:00,291,IND,turnover,,,,,,,,,,Jalen Smith,,,offensive foul turnover,,,offensive foul,,,,,,Smith Offensive Foul Turnover (P2.T13)
22200415,2022-23 Regular Season,2022-12-14,Moses Moody,Stephen Curry,Donte DiVincenzo,Jonathan Kuminga,Draymond Green,Buddy Hield,Aaron Nesmith,Jalen Smith,Tyrese Haliburton,Andrew Nembhard,3,71,78,0:06:56,0:05:04,0:00:08,292,GSW,shot,,,,,,,,,,Stephen Curry,3,,,made,,3pt step back jump shot,30,131,267,11.899999999999999,31.700000000000003,Curry 30' 3PT Step Back Jump Shot (35 PTS)
22200415,2022-23 Regular Season,2022-12-14,Moses Moody,Stephen Curry,Donte DiVincenzo,Jonathan Kuminga,Draymond Green,Buddy Hield,Aaron Nesmith,Jalen Smith,Tyrese Haliburton,Andrew Nembhard,3,71,78,0:06:33,0:05:27,0:00:23,293,IND,turnover,,,,,,,,,,Tyrese Haliburton,,,bad pass,,Stephen Curry,bad pass,,,,,,Haliburton Bad Pass Turnover (P4.T14): Curry STEAL (2 STL)
22200415,2022-23 Regular Season,2022-12-14,Moses Moody,Stephen Curry,Donte DiVincenzo,Jonathan Kuminga,Draymond Green,Buddy Hield,Aaron Nesmith,Jalen Smith,Tyrese Haliburton,Andrew Nembhard,3,71,78,0:06:25,0:05:35,0:00:08,294,GSW,turnover,,,,,,,,,,Moses Moody,,,bad pass,,Andrew Nembhard,bad pass,,,,,,Nembhard STEAL (1 STL): Moody Bad Pass Turnover (P1.T17)
22200415,2022-23 Regular Season,2022-12-14,Moses Moody,Stephen Curry,Donte DiVincenzo,Jonathan Kuminga,Draymond Green,Buddy Hield,Aaron Nesmith,Jalen Smith,Tyrese Haliburton,Andrew Nembhard,3,71,78,0:06:20,0:05:40,0:00:05,295,IND,shot,,,,,,,,,,Tyrese Haliburton,0,,,missed,,3pt running jump shot,26,-175,185,7.5,70.5,MISS Haliburton 25' 3PT Running Jump Shot
22200415,2022-23 Regular Season,2022-12-14,Moses Moody,Stephen Curry,Donte DiVincenzo,Jonathan Kuminga,Draymond Green,Buddy Hield,Aaron Nesmith,Jalen Smith,Tyrese Haliburton,Andrew Nembhard,3,71,78,0:06:17,0:05:43,0:00:03,296,GSW,rebound,,,,,,,,,,Jonathan Kuminga,,,,,,rebound defensive,,,,,,Kuminga REBOUND (Off:2 Def:2)
22200415,2022-23 Regular Season,2022-12-14,Moses Moody,Stephen Curry,Donte DiVincenzo,Jonathan Kuminga,Draymond Green,Buddy Hield,Aaron Nesmith,Jalen Smith,Tyrese Haliburton,Andrew Nembhard,3,71,78,0:06:06,0:05:54,0:00:11,297,GSW,shot,,,,,,,,,,Stephen Curry,0,,,missed,,layup,3,-25,21,27.5,7.1,MISS Curry 3' Driving Finger Roll Layup
22200415,2022-23 Regular Season,2022-12-14,Moses Moody,Stephen Curry,Donte DiVincenzo,Jonathan Kuminga,Draymond Green,Buddy Hield,Aaron Nesmith,Jalen Smith,Tyrese Haliburton,Andrew Nembhard,3,71,78,0:06:04,0:05:56,0:00:02,298,GSW,rebound,,,,,,,,,,Jonathan Kuminga,,,,,,rebound offensive,,,,,,Kuminga REBOUND (Off:3 Def:2)
22200415,2022-23 Regular Season,2022-12-14,Moses Moody,Stephen Curry,Donte DiVincenzo,Jonathan Kuminga,Draymond Green,Buddy Hield,Aaron Nesmith,Jalen Smith,Tyrese Haliburton,Andrew Nembhard,3,71,78,0:06:04,0:05:56,0:00:00,299,GSW,shot,,,,,,,,,,Jonathan Kuminga,0,,,missed,,layup,0,0,0,25.0,5.0,MISS Kuminga Tip Layup Shot
22200415,2022-23 Regular Season,2022-12-14,Moses Moody,Stephen Curry,Donte DiVincenzo,Jonathan Kuminga,Draymond Green,Buddy Hield,Aaron Nesmith,Jalen Smith,Tyrese Haliburton,Andrew Nembhard,3,71,78,0:06:03,0:05:57,0:00:01,300,GSW,rebound,,,,,,,,,,Jonathan Kuminga,,,,,,rebound offensive,,,,,,Kuminga REBOUND (Off:4 Def:2)
22200415,2022-23 Regular Season,2022-12-14,Moses Moody,Stephen Curry,Donte DiVincenzo,Jonathan Kuminga,Draymond Green,Buddy Hield,Aaron Nesmith,Jalen Smith,Tyrese Haliburton,Andrew Nembhard,3,73,78,0:06:03,0:05:57,0:00:00,301,GSW,shot,,,,,,,,,,Jonathan Kuminga,2,,,made,,layup,0,0,0,25.0,5.0,Kuminga Tip Layup Shot (7 PTS)
22200415,2022-23 Regular Season,2022-12-14,Moses Moody,Stephen Curry,Donte DiVincenzo,Jonathan Kuminga,Draymond Green,Buddy Hield,Aaron Nesmith,Jalen Smith,Tyrese Haliburton,Andrew Nembhard,3,73,78,0:06:03,0:05:57,0:00:00,302,IND,timeout,,,,,,,,,,,,,,,,timeout: regular,,,,,,PACERS Timeout: Regular (Full 4 Short 0)
22200415,2022-23 Regular Season,2022-12-14,Moses Moody,Stephen Curry,Donte DiVincenzo,Jonathan Kuminga,Draymond Green,Buddy Hield,Bennedict Mathurin,Jalen Smith,Tyrese Haliburton,Andrew Nembhard,3,73,78,0:06:03,0:05:57,0:00:00,303,IND,substitution,,,,,Bennedict Mathurin,Aaron Nesmith,,,,Aaron Nesmith,,,,,,sub,,,,,,SUB: Mathurin FOR Nesmith
22200415,2022-23 Regular Season,2022-12-14,Moses Moody,Stephen Curry,Donte DiVincenzo,Jonathan Kuminga,Kevon Looney,Buddy Hield,Bennedict Mathurin,Jalen Smith,Tyrese Haliburton,Andrew Nembhard,3,73,78,0:06:03,0:05:57,0:00:00,304,GSW,substitution,,,,,Kevon Looney,Draymond Green,,,,Draymond Green,,,,,,sub,,,,,,SUB: Looney FOR D. Green
22200415,2022-23 Regular Season,2022-12-14,Moses Moody,Stephen Curry,Donte DiVincenzo,Jonathan Kuminga,Kevon Looney,Buddy Hield,Bennedict Mathurin,Jalen Smith,Tyrese Haliburton,Andrew Nembhard,3,73,78,0:06:03,0:05:57,0:00:00,305,GSW,violation,,,,,,,,,,,,,,,,delay of game,,,,,,Warriors Violation: Delay of game Violation
22200415,2022-23 Regular Season,2022-12-14,Moses Moody,Stephen Curry,Donte DiVincenzo,Jonathan Kuminga,Kevon Looney,Buddy Hield,Bennedict Mathurin,Jalen Smith,Tyrese Haliburton,Andrew Nembhard,3,73,80,0:05:45,0:06:15,0:00:18,306,IND,shot,Tyrese Haliburton,,,,,,,,,Jalen Smith,2,,,made,,layup,3,-18,20,23.2,87.0,Smith 3' Layup (4 PTS) (Haliburton 5 AST)
22200415,2022-23 Regular Season,2022-12-14,Moses Moody,Stephen Curry,Donte DiVincenzo,Jonathan Kuminga,Kevon Looney,Buddy Hield,Bennedict Mathurin,Jalen Smith,Tyrese Haliburton,Andrew Nembhard,3,73,80,0:05:27,0:06:33,0:00:18,307,GSW,shot,,,,,,,,,,Donte DiVincenzo,0,,,missed,,cutting layup shot,3,-26,13,27.6,6.3,MISS DiVincenzo 3' Cutting Layup Shot
22200415,2022-23 Regular Season,2022-12-14,Moses Moody,Stephen Curry,Donte DiVincenzo,Jonathan Kuminga,Kevon Looney,Buddy Hield,Bennedict Mathurin,Jalen Smith,Tyrese Haliburton,Andrew Nembhard,3,73,80,0:05:26,0:06:34,0:00:01,308,GSW,rebound,,,,,,,,,,,,,,,,rebound offensive,,,,,,Warriors Rebound
22200415,2022-23 Regular Season,2022-12-14,Moses Moody,Stephen Curry,Donte DiVincenzo,Jonathan Kuminga,Kevon Looney,Buddy Hield,Bennedict Mathurin,Jalen Smith,Tyrese Haliburton,Andrew Nembhard,3,75,80,0:05:25,0:06:35,0:00:01,309,GSW,shot,Stephen Curry,,,,,,,,,Moses Moody,2,,,made,,cutting layup shot,1,5,12,24.5,6.2,Moody 1' Cutting Layup Shot (7 PTS) (Curry 7 AST)
22200415,2022-23 Regular Season,2022-12-14,Moses Moody,Stephen Curry,Donte DiVincenzo,Jonathan Kuminga,Kevon Looney,Buddy Hield,Bennedict Mathurin,Jalen Smith,Tyrese Haliburton,Andrew Nembhard,3,75,80,0:05:03,0:06:57,0:00:22,310,IND,shot,,,,,,,,,,Jalen Smith,0,,,missed,,3pt step back jump shot,26,38,256,28.8,63.4,MISS Smith 26' 3PT Step Back Jump Shot
22200415,2022-23 Regular Season,2022-12-14,Moses Moody,Stephen Curry,Donte DiVincenzo,Jonathan Kuminga,Kevon Looney,Buddy Hield,Bennedict Mathurin,Jalen Smith,Tyrese Haliburton,Andrew Nembhard,3,75,80,0:05:00,0:07:00,0:00:03,311,GSW,rebound,,,,,,,,,,Donte DiVincenzo,,,,,,rebound defensive,,,,,,DiVincenzo REBOUND (Off:0 Def:7)
22200415,2022-23 Regular Season,2022-12-14,Moses Moody,Stephen Curry,Donte DiVincenzo,Jonathan Kuminga,Kevon Looney,Buddy Hield,Bennedict Mathurin,Jalen Smith,Tyrese Haliburton,Andrew Nembhard,3,77,80,0:04:42,0:07:18,0:00:18,312,GSW,shot,,,,,,,,,,Jonathan Kuminga,2,,,made,,driving layup,4,0,36,25.0,8.6,Kuminga 4' Driving Layup (9 PTS)
22200415,2022-23 Regular Season,2022-12-14,Moses Moody,Stephen Curry,Donte DiVincenzo,Jonathan Kuminga,Kevon Looney,Buddy Hield,Bennedict Mathurin,Jalen Smith,Tyrese Haliburton,Andrew Nembhard,3,77,82,0:04:29,0:07:31,0:00:13,313,IND,shot,Jalen Smith,,,,,,,,,Bennedict Mathurin,2,,,made,,layup,4,16,35,26.6,85.5,Mathurin 4' Driving Finger Roll Layup (11 PTS) (Smith 2 AST)
22200415,2022-23 Regular Season,2022-12-14,Moses Moody,Stephen Curry,Donte DiVincenzo,Jonathan Kuminga,Kevon Looney,Buddy Hield,Bennedict Mathurin,Jalen Smith,Tyrese Haliburton,Andrew Nembhard,3,77,82,0:04:29,0:07:31,0:00:00,314,GSW,foul,,,,,,,,Bennedict Mathurin,,Kevon Looney,,,s.foul,,,shooting,,,,,,Looney S.FOUL (P2.T4) (N.Buchert)
22200415,2022-23 Regular Season,2022-12-14,Moses Moody,Stephen Curry,Donte DiVincenzo,Jonathan Kuminga,Kevon Looney,Buddy Hield,Bennedict Mathurin,Jalen Smith,Tyrese Haliburton,T.J. McConnell,3,77,82,0:04:29,0:07:31,0:00:00,315,IND,substitution,,,,,T.J. McConnell,Andrew Nembhard,,,,Andrew Nembhard,,,,,,sub,,,,,,SUB: McConnell FOR Nembhard
22200415,2022-23 Regular Season,2022-12-14,Moses Moody,Stephen Curry,Donte DiVincenzo,Jonathan Kuminga,Kevon Looney,Oshae Brissett,Bennedict Mathurin,Jalen Smith,Tyrese Haliburton,T.J. McConnell,3,77,82,0:04:29,0:07:31,0:00:00,316,IND,substitution,,,,,Oshae Brissett,Buddy Hield,,,,Buddy Hield,,,,,,sub,,,,,,SUB: Brissett FOR Hield
22200415,2022-23 Regular Season,2022-12-14,Moses Moody,Stephen Curry,Donte DiVincenzo,Jonathan Kuminga,Kevon Looney,Buddy Hield,Bennedict Mathurin,Jalen Smith,Tyrese Haliburton,Andrew Nembhard,3,77,83,0:04:29,0:07:31,0:00:00,317,IND,free throw,,,,,,,1,,1,Bennedict Mathurin,1,,,made,,free throw 1/1,,,,,,Mathurin Free Throw 1 of 1 (12 PTS)
22200415,2022-23 Regular Season,2022-12-14,Moses Moody,Stephen Curry,Donte DiVincenzo,Jonathan Kuminga,Kevon Looney,Oshae Brissett,Bennedict Mathurin,Jalen Smith,Tyrese Haliburton,T.J. McConnell,3,77,83,0:04:20,0:07:40,0:00:09,318,GSW,shot,,,,,,,,,,Jonathan Kuminga,0,,,missed,,3pt jump shot,22,222,23,2.799999999999997,7.300000000000001,MISS Kuminga 3PT Jump Shot
22200415,2022-23 Regular Season,2022-12-14,Moses Moody,Stephen Curry,Donte DiVincenzo,Jonathan Kuminga,Kevon Looney,Oshae Brissett,Bennedict Mathurin,Jalen Smith,Tyrese Haliburton,T.J. McConnell,3,77,83,0:04:16,0:07:44,0:00:04,319,GSW,rebound,,,,,,,,,,Stephen Curry,,,,,,rebound offensive,,,,,,Curry REBOUND (Off:1 Def:6)
22200415,2022-23 Regular Season,2022-12-14,Moses Moody,Stephen Curry,Donte DiVincenzo,Jonathan Kuminga,Kevon Looney,Oshae Brissett,Bennedict Mathurin,Jalen Smith,Tyrese Haliburton,T.J. McConnell,3,79,83,0:04:16,0:07:44,0:00:00,320,GSW,shot,,,,,,,,,,Stephen Curry,2,,,made,,layup,3,21,23,22.9,7.300000000000001,Curry 3' Putback Layup (37 PTS)
22200415,2022-23 Regular Season,2022-12-14,Moses Moody,Stephen Curry,Donte DiVincenzo,Jonathan Kuminga,Kevon Looney,Oshae Brissett,Bennedict Mathurin,Jalen Smith,Tyrese Haliburton,T.J. McConnell,3,79,83,0:04:16,0:07:44,0:00:00,321,IND,foul,,,,,,,,Stephen Curry,,Tyrese Haliburton,,,s.foul,,,shooting,,,,,,Haliburton S.FOUL (P2.PN) (N.Buchert)
22200415,2022-23 Regular Season,2022-12-14,Moses Moody,Stephen Curry,Ty Jerome,Jonathan Kuminga,Kevon Looney,Oshae Brissett,Bennedict Mathurin,Jalen Smith,Tyrese Haliburton,T.J. McConnell,3,79,83,0:04:16,0:07:44,0:00:00,322,GSW,substitution,,,,,Ty Jerome,Donte DiVincenzo,,,,Donte DiVincenzo,,,,,,sub,,,,,,SUB: Jerome FOR DiVincenzo
22200415,2022-23 Regular Season,2022-12-14,Moses Moody,Stephen Curry,Donte DiVincenzo,Jonathan Kuminga,Kevon Looney,Oshae Brissett,Bennedict Mathurin,Jalen Smith,Tyrese Haliburton,T.J. McConnell,3,80,83,0:04:16,0:07:44,0:00:00,323,GSW,free throw,,,,,,,1,,1,Stephen Curry,1,,,made,,free throw 1/1,,,,,,Curry Free Throw 1 of 1 (38 PTS)
22200415,2022-23 Regular Season,2022-12-14,Moses Moody,Stephen Curry,Ty Jerome,Jonathan Kuminga,Kevon Looney,Oshae Brissett,Bennedict Mathurin,Jalen Smith,Tyrese Haliburton,T.J. McConnell,3,80,86,0:04:05,0:07:55,0:00:11,324,IND,shot,Jalen Smith,,,,,,,,,Bennedict Mathurin,3,,,made,,3pt jump shot,28,150,230,40.0,66.0,Mathurin 27' 3PT Jump Shot (15 PTS) (Smith 3 AST)
22200415,2022-23 Regular Season,2022-12-14,Moses Moody,Stephen Curry,Ty Jerome,Jonathan Kuminga,Kevon Looney,Oshae Brissett,Bennedict Mathurin,Jalen Smith,Tyrese Haliburton,T.J. McConnell,3,80,86,0:03:43,0:08:17,0:00:22,325,GSW,shot,,,,,,,,,,Stephen Curry,0,,,missed,,3pt step back jump shot,30,70,289,18.0,33.900000000000006,MISS Curry 30' 3PT Step Back Jump Shot
22200415,2022-23 Regular Season,2022-12-14,Moses Moody,Stephen Curry,Ty Jerome,Jonathan Kuminga,Kevon Looney,Oshae Brissett,Bennedict Mathurin,Jalen Smith,Tyrese Haliburton,T.J. McConnell,3,80,86,0:03:38,0:08:22,0:00:05,326,IND,rebound,,,,,,,,,,Bennedict Mathurin,,,,,,rebound defensive,,,,,,Mathurin REBOUND (Off:0 Def:4)
22200415,2022-23 Regular Season,2022-12-14,Moses Moody,Stephen Curry,Ty Jerome,Jonathan Kuminga,Kevon Looney,Oshae Brissett,Bennedict Mathurin,Jalen Smith,Tyrese Haliburton,T.J. McConnell,3,80,89,0:03:25,0:08:35,0:00:13,327,IND,shot,Jalen Smith,,,,,,,,,Bennedict Mathurin,3,,,made,,3pt jump shot,24,-161,179,8.899999999999999,71.1,Mathurin 24' 3PT Jump Shot (18 PTS) (Smith 4 AST)
22200415,2022-23 Regular Season,2022-12-14,Moses Moody,Stephen Curry,Ty Jerome,Jonathan Kuminga,Kevon Looney,Oshae Brissett,Bennedict Mathurin,Jalen Smith,Tyrese Haliburton,T.J. McConnell,3,80,89,0:03:24,0:08:36,0:00:01,328,GSW,timeout,,,,,,,,,,,,,,,,timeout: regular,,,,,,Warriors Timeout: Regular (Reg.4 Short 0)
22200415,2022-23 Regular Season,2022-12-14,Moses Moody,Stephen Curry,Ty Jerome,JaMychal Green,Kevon Looney,Oshae Brissett,Bennedict Mathurin,Jalen Smith,Tyrese Haliburton,T.J. McConnell,3,80,89,0:03:24,0:08:36,0:00:00,329,GSW,substitution,,,,,JaMychal Green,Jonathan Kuminga,,,,Jonathan Kuminga,,,,,,sub,,,,,,SUB: J. Green FOR Kuminga
22200415,2022-23 Regular Season,2022-12-14,Moses Moody,Stephen Curry,Ty Jerome,JaMychal Green,Kevon Looney,Oshae Brissett,Bennedict Mathurin,Jalen Smith,Tyrese Haliburton,T.J. McConnell,3,80,89,0:03:13,0:08:47,0:00:11,330,GSW,shot,,,,Jalen Smith,,,,,,Stephen Curry,0,,,missed,,driving layup,2,16,11,23.4,6.1,Smith BLOCK (2 BLK): MISS Curry 2' Driving Layup
22200415,2022-23 Regular Season,2022-12-14,Moses Moody,Stephen Curry,Ty Jerome,JaMychal Green,Kevon Looney,Oshae Brissett,Bennedict Mathurin,Jalen Smith,Tyrese Haliburton,T.J. McConnell,3,80,89,0:03:09,0:08:51,0:00:04,331,GSW,rebound,,,,,,,,,,JaMychal Green,,,,,,rebound offensive,,,,,,J. Green REBOUND (Off:1 Def:0)
22200415,2022-23 Regular Season,2022-12-14,Moses Moody,Stephen Curry,Ty Jerome,JaMychal Green,Kevon Looney,Oshae Brissett,Bennedict Mathurin,Jalen Smith,Tyrese Haliburton,T.J. McConnell,3,80,89,0:03:08,0:08:52,0:00:01,332,GSW,turnover,,,,,,,,,,JaMychal Green,,,,,Oshae Brissett,lost ball,,,,,,Brissett STEAL (3 STL): J. Green Lost Ball Turnover (P1.T18)
22200415,2022-23 Regular Season,2022-12-14,Moses Moody,Stephen Curry,Ty Jerome,JaMychal Green,Kevon Looney,Oshae Brissett,Bennedict Mathurin,Jalen Smith,Tyrese Haliburton,T.J. McConnell,3,80,91,0:03:06,0:08:54,0:00:02,333,IND,shot,T.J. McConnell,,,,,,,,,Tyrese Haliburton,2,,,made,,layup,2,-17,8,23.3,88.2,Haliburton 2' Running Finger Roll Layup (23 PTS) (McConnell 5 AST)
22200415,2022-23 Regular Season,2022-12-14,Moses Moody,Stephen Curry,Ty Jerome,JaMychal Green,Kevon Looney,Oshae Brissett,Bennedict Mathurin,Jalen Smith,Tyrese Haliburton,T.J. McConnell,3,80,91,0:02:54,0:09:06,0:00:12,334,GSW,foul,,,,,,,,T.J. McConnell,,JaMychal Green,,,,,,offensive,,,,,,J. Green OFF.Foul (P1) (T.Ford)
22200415,2022-23 Regular Season,2022-12-14,Moses Moody,Stephen Curry,Ty Jerome,JaMychal Green,Kevon Looney,Oshae Brissett,Bennedict Mathurin,Jalen Smith,Tyrese Haliburton,T.J. McConnell,3,80,91,0:02:54,0:09:06,0:00:00,335,GSW,turnover,,,,,,,,,,JaMychal Green,,,offensive foul turnover,,,offensive foul,,,,,,J. Green Offensive Foul Turnover (P2.T19)
22200415,2022-23 Regular Season,2022-12-14,Moses Moody,Stephen Curry,Ty Jerome,JaMychal Green,Kevon Looney,Oshae Brissett,Bennedict Mathurin,Jalen Smith,Tyrese Haliburton,T.J. McConnell,3,80,91,0:02:39,0:09:21,0:00:15,336,GSW,foul,,,,,,,,Bennedict Mathurin,,Kevon Looney,,,s.foul,,,shooting,,,,,,Looney S.FOUL (P3.PN) (J.Goldenberg)
22200415,2022-23 Regular Season,2022-12-14,Moses Moody,Stephen Curry,Ty Jerome,JaMychal Green,Kevon Looney,Oshae Brissett,Bennedict Mathurin,Jalen Smith,Tyrese Haliburton,T.J. McConnell,3,80,92,0:02:39,0:09:21,0:00:00,337,IND,free throw,,,,,,,1,,2,Bennedict Mathurin,1,,,made,,free throw 1/2,,,,,,Mathurin Free Throw 1 of 2 (19 PTS)
22200415,2022-23 Regular Season,2022-12-14,Moses Moody,Stephen Curry,Ty Jerome,JaMychal Green,Kevon Looney,Oshae Brissett,Bennedict Mathurin,Jalen Smith,Tyrese Haliburton,T.J. McConnell,3,80,93,0:02:39,0:09:21,0:00:00,338,IND,free throw,,,,,,,2,,2,Bennedict Mathurin,1,,,made,,free throw 2/2,,,,,,Mathurin Free Throw 2 of 2 (20 PTS)
22200415,2022-23 Regular Season,2022-12-14,Moses Moody,Stephen Curry,Ty Jerome,JaMychal Green,Kevon Looney,Oshae Brissett,Bennedict Mathurin,Jalen Smith,Tyrese Haliburton,T.J. McConnell,3,80,93,0:02:20,0:09:40,0:00:19,339,GSW,shot,,,,,,,,,,Stephen Curry,0,,,missed,,3pt jump shot,27,147,227,10.299999999999999,27.700000000000003,MISS Curry 27' 3PT Jump Shot
22200415,2022-23 Regular Season,2022-12-14,Moses Moody,Stephen Curry,Ty Jerome,JaMychal Green,Kevon Looney,Oshae Brissett,Bennedict Mathurin,Jalen Smith,Tyrese Haliburton,T.J. McConnell,3,80,93,0:02:16,0:09:44,0:00:04,340,IND,rebound,,,,,,,,,,Jalen Smith,,,,,,rebound defensive,,,,,,Smith REBOUND (Off:0 Def:5)
22200415,2022-23 Regular Season,2022-12-14,Moses Moody,Stephen Curry,Ty Jerome,JaMychal Green,Kevon Looney,Oshae Brissett,Bennedict Mathurin,Jalen Smith,Tyrese Haliburton,T.J. McConnell,3,80,93,0:02:11,0:09:49,0:00:05,341,IND,shot,,,,Stephen Curry,,,,,,Jalen Smith,0,,,missed,,jump shot,6,-53,37,19.7,85.3,MISS Smith 6' Running Jump Shot: Curry BLOCK (1 BLK)
22200415,2022-23 Regular Season,2022-12-14,Moses Moody,Stephen Curry,Ty Jerome,JaMychal Green,Kevon Looney,Oshae Brissett,Bennedict Mathurin,Jalen Smith,Tyrese Haliburton,T.J. McConnell,3,80,93,0:02:08,0:09:52,0:00:03,342,IND,rebound,,,,,,,,,,Jalen Smith,,,,,,rebound offensive,,,,,,Smith REBOUND (Off:1 Def:5)
22200415,2022-23 Regular Season,2022-12-14,Moses Moody,Stephen Curry,Ty Jerome,JaMychal Green,Kevon Looney,Oshae Brissett,Bennedict Mathurin,Jalen Smith,Tyrese Haliburton,T.J. McConnell,3,80,93,0:02:08,0:09:52,0:00:00,343,IND,shot,,,,JaMychal Green,,,,,,Jalen Smith,0,,,missed,,layup,5,-32,37,21.8,85.3,MISS Smith 5' Putback Layup: J. Green BLOCK (1 BLK)
22200415,2022-23 Regular Season,2022-12-14,Moses Moody,Stephen Curry,Ty Jerome,JaMychal Green,Kevon Looney,Oshae Brissett,Bennedict Mathurin,Jalen Smith,Tyrese Haliburton,T.J. McConnell,3,80,93,0:02:05,0:09:55,0:00:03,344,GSW,rebound,,,,,,,,,,Kevon Looney,,,,,,rebound defensive,,,,,,Looney REBOUND (Off:1 Def:5)
22200415,2022-23 Regular Season,2022-12-14,Moses Moody,Stephen Curry,Ty Jerome,JaMychal Green,Kevon Looney,Oshae Brissett,Bennedict Mathurin,Jalen Smith,Tyrese Haliburton,T.J. McConnell,3,80,93,0:02:04,0:09:56,0:00:01,345,GSW,timeout,,,,,,,,,,,,,,,,timeout: regular,,,,,,Warriors Timeout: Regular (Reg.5 Short 0)
22200415,2022-23 Regular Season,2022-12-14,Moses Moody,Stephen Curry,Ty Jerome,JaMychal Green,Kevon Looney,Oshae Brissett,Bennedict Mathurin,Jalen Smith,Buddy Hield,T.J. McConnell,3,80,93,0:02:04,0:09:56,0:00:00,346,IND,substitution,,,,,Buddy Hield,Tyrese Haliburton,,,,Tyrese Haliburton,,,,,,sub,,,,,,SUB: Hield FOR Haliburton
22200415,2022-23 Regular Season,2022-12-14,Moses Moody,Jordan Poole,Ty Jerome,JaMychal Green,Kevon Looney,Oshae Brissett,Bennedict Mathurin,Jalen Smith,Buddy Hield,T.J. McConnell,3,80,93,0:02:04,0:09:56,0:00:00,347,GSW,substitution,,,,,Jordan Poole,Stephen Curry,,,,Stephen Curry,,,,,,sub,,,,,,SUB: Poole FOR Curry
22200415,2022-23 Regular Season,2022-12-14,Moses Moody,Jordan Poole,Ty Jerome,JaMychal Green,Kevon Looney,Oshae Brissett,Bennedict Mathurin,Jalen Smith,Buddy Hield,T.J. McConnell,3,83,93,0:01:51,0:10:09,0:00:13,348,GSW,shot,Moses Moody,,,,,,,,,Jordan Poole,3,,,made,,3pt jump shot,27,6,274,24.4,32.400000000000006,Poole 27' 3PT Jump Shot (15 PTS) (Moody 1 AST)
22200415,2022-23 Regular Season,2022-12-14,Moses Moody,Jordan Poole,Ty Jerome,JaMychal Green,Kevon Looney,Oshae Brissett,Bennedict Mathurin,Jalen Smith,Buddy Hield,T.J. McConnell,3,83,93,0:01:30,0:10:30,0:00:21,349,IND,shot,,,,,,,,,,Buddy Hield,0,,,missed,,3pt pullup jump shot,25,-129,214,12.1,67.6,MISS Hield 25' 3PT Pullup Jump Shot
22200415,2022-23 Regular Season,2022-12-14,Moses Moody,Jordan Poole,Ty Jerome,JaMychal Green,Kevon Looney,Oshae Brissett,Bennedict Mathurin,Jalen Smith,Buddy Hield,T.J. McConnell,3,83,93,0:01:26,0:10:34,0:00:04,350,GSW,rebound,,,,,,,,,,Ty Jerome,,,,,,rebound defensive,,,,,,Jerome REBOUND (Off:0 Def:2)
22200415,2022-23 Regular Season,2022-12-14,Moses Moody,Jordan Poole,Ty Jerome,JaMychal Green,Kevon Looney,Oshae Brissett,Bennedict Mathurin,Jalen Smith,Buddy Hield,T.J. McConnell,3,83,93,0:01:16,0:10:44,0:00:10,351,GSW,shot,,,,,,,,,,Jordan Poole,0,,,missed,,3pt pullup jump shot,28,141,244,10.899999999999999,29.400000000000002,MISS Poole 28' 3PT Pullup Jump Shot
22200415,2022-23 Regular Season,2022-12-14,Moses Moody,Jordan Poole,Ty Jerome,JaMychal Green,Kevon Looney,Oshae Brissett,Bennedict Mathurin,Jalen Smith,Buddy Hield,T.J. McConnell,3,83,93,0:01:14,0:10:46,0:00:02,352,IND,rebound,,,,,,,,,,,,,,,,rebound defensive,,,,,,PACERS Rebound
22200415,2022-23 Regular Season,2022-12-14,Moses Moody,Jordan Poole,Ty Jerome,JaMychal Green,Kevon Looney,Oshae Brissett,Bennedict Mathurin,Jalen Smith,Buddy Hield,T.J. McConnell,3,83,93,0:00:58,0:11:02,0:00:16,353,IND,shot,,,,,,,,,,Jalen Smith,0,,,missed,,3pt jump shot,26,-169,195,8.099999999999998,69.5,MISS Smith 26' 3PT Jump Shot
22200415,2022-23 Regular Season,2022-12-14,Moses Moody,Jordan Poole,Ty Jerome,JaMychal Green,Kevon Looney,Oshae Brissett,Bennedict Mathurin,Jalen Smith,Buddy Hield,T.J. McConnell,3,83,93,0:00:55,0:11:05,0:00:03,354,GSW,rebound,,,,,,,,,,Jordan Poole,,,,,,rebound defensive,,,,,,Poole REBOUND (Off:2 Def:2)
22200415,2022-23 Regular Season,2022-12-14,Moses Moody,Jordan Poole,Ty Jerome,JaMychal Green,Kevon Looney,Oshae Brissett,Bennedict Mathurin,Jalen Smith,Buddy Hield,T.J. McConnell,3,83,93,0:00:46,0:11:14,0:00:09,355,GSW,shot,,,,Jalen Smith,,,,,,Jordan Poole,0,,,missed,,layup,4,-15,34,26.5,8.4,Smith BLOCK (3 BLK): MISS Poole 4' Driving Finger Roll Layup
22200415,2022-23 Regular Season,2022-12-14,Moses Moody,Jordan Poole,Ty Jerome,JaMychal Green,Kevon Looney,Oshae Brissett,Bennedict Mathurin,Jalen Smith,Buddy Hield,T.J. McConnell,3,83,93,0:00:43,0:11:17,0:00:03,356,IND,rebound,,,,,,,,,,T.J. McConnell,,,,,,rebound defensive,,,,,,McConnell REBOUND (Off:0 Def:3)
22200415,2022-23 Regular Season,2022-12-14,Moses Moody,Jordan Poole,Ty Jerome,JaMychal Green,Kevon Looney,Oshae Brissett,Bennedict Mathurin,Jalen Smith,Buddy Hield,T.J. McConnell,3,83,93,0:00:37,0:11:23,0:00:06,357,IND,shot,,,,,,,,,,T.J. McConnell,0,,,missed,,driving layup,5,28,36,27.8,85.4,MISS McConnell 5' Driving Layup
22200415,2022-23 Regular Season,2022-12-14,Moses Moody,Jordan Poole,Ty Jerome,JaMychal Green,Kevon Looney,Oshae Brissett,Bennedict Mathurin,Jalen Smith,Buddy Hield,T.J. McConnell,3,83,93,0:00:34,0:11:26,0:00:03,358,GSW,rebound,,,,,,,,,,,,,,,,rebound defensive,,,,,,Warriors Rebound
22200415,2022-23 Regular Season,2022-12-14,Moses Moody,Jordan Poole,Ty Jerome,JaMychal Green,Draymond Green,Oshae Brissett,Bennedict Mathurin,Jalen Smith,Buddy Hield,T.J. McConnell,3,83,93,0:00:34,0:11:26,0:00:00,359,GSW,substitution,,,,,Draymond Green,Kevon Looney,,,,Kevon Looney,,,,,,sub,,,,,,SUB: D. Green FOR Looney
22200415,2022-23 Regular Season,2022-12-14,Moses Moody,Jordan Poole,Ty Jerome,JaMychal Green,Draymond Green,Oshae Brissett,Bennedict Mathurin,Jalen Smith,Buddy Hield,T.J. McConnell,3,86,93,0:00:20,0:11:40,0:00:14,360,GSW,shot,Draymond Green,,,,,,,,,Moses Moody,3,,,made,,3pt jump shot,22,222,8,2.799999999999997,5.8,Moody 3PT Jump Shot (10 PTS) (D. Green 3 AST)
22200415,2022-23 Regular Season,2022-12-14,Moses Moody,Jordan Poole,Ty Jerome,JaMychal Green,Draymond Green,Oshae Brissett,Bennedict Mathurin,Jalen Smith,Buddy Hield,T.J. McConnell,3,86,93,0:00:20,0:11:40,0:00:00,361,IND,foul,,,,,,,,Moses Moody,,Bennedict Mathurin,,,s.foul,,,shooting,,,,,,Mathurin S.FOUL (P1.PN) (J.Goldenberg)
22200415,2022-23 Regular Season,2022-12-14,Moses Moody,Donte DiVincenzo,Ty Jerome,JaMychal Green,Draymond Green,Oshae Brissett,Bennedict Mathurin,Jalen Smith,Buddy Hield,T.J. McConnell,3,86,93,0:00:20,0:11:40,0:00:00,362,GSW,substitution,,,,,Donte DiVincenzo,Jordan Poole,,,,Jordan Poole,,,,,,sub,,,,,,SUB: DiVincenzo FOR Poole
22200415,2022-23 Regular Season,2022-12-14,Moses Moody,Jordan Poole,Ty Jerome,JaMychal Green,Draymond Green,Oshae Brissett,Bennedict Mathurin,Jalen Smith,Buddy Hield,T.J. McConnell,3,87,93,0:00:20,0:11:40,0:00:00,363,GSW,free throw,,,,,,,1,,1,Moses Moody,1,,,made,,free throw 1/1,,,,,,Moody Free Throw 1 of 1 (11 PTS)
22200415,2022-23 Regular Season,2022-12-14,Moses Moody,Donte DiVincenzo,Ty Jerome,JaMychal Green,Draymond Green,Oshae Brissett,Bennedict Mathurin,Jalen Smith,Buddy Hield,T.J. McConnell,3,87,93,0:00:03,0:11:57,0:00:17,364,IND,shot,,,,,,,,,,Bennedict Mathurin,0,,,missed,,driving floating jump shot,10,-45,90,20.5,80.0,MISS Mathurin 10' Driving Floating Jump Shot
22200415,2022-23 Regular Season,2022-12-14,Moses Moody,Donte DiVincenzo,Ty Jerome,JaMychal Green,Draymond Green,Oshae Brissett,Bennedict Mathurin,Jalen Smith,Buddy Hield,T.J. McConnell,3,87,93,0:00:03,0:11:57,0:00:00,365,GSW,rebound,,,,,,,,,,JaMychal Green,,,,,,rebound defensive,,,,,,J. Green REBOUND (Off:1 Def:1)
22200415,2022-23 Regular Season,2022-12-14,Moses Moody,Donte DiVincenzo,Ty Jerome,JaMychal Green,Draymond Green,Oshae Brissett,Bennedict Mathurin,Jalen Smith,Buddy Hield,T.J. McConnell,3,87,93,0:00:00,0:12:00,0:00:03,366,,end of period,,,,,,,,,,,,,,,,end of period,,,,,,
22200415,2022-23 Regular Season,2022-12-14,JaMychal Green,Anthony Lamb,Draymond Green,Jordan Poole,Donte DiVincenzo,Bennedict Mathurin,Oshae Brissett,Myles Turner,T.J. McConnell,Buddy Hield,4,87,93,0:12:00,0:00:00,0:00:00,367,,start of period,,,,,,,,,,,,,,,,start of period,,,,,,
22200415,2022-23 Regular Season,2022-12-14,JaMychal Green,Anthony Lamb,Draymond Green,Jordan Poole,Donte DiVincenzo,Bennedict Mathurin,Oshae Brissett,Myles Turner,T.J. McConnell,Buddy Hield,4,87,93,0:11:48,0:00:12,0:00:12,368,IND,foul,,,,,,,,JaMychal Green,,Bennedict Mathurin,,,s.foul,,,shooting,,,,,,Mathurin S.FOUL (P2.T1) (T.Ford)
22200415,2022-23 Regular Season,2022-12-14,JaMychal Green,Anthony Lamb,Draymond Green,Jordan Poole,Donte DiVincenzo,Bennedict Mathurin,Oshae Brissett,Myles Turner,T.J. McConnell,Buddy Hield,4,87,93,0:11:48,0:00:12,0:00:00,369,GSW,free throw,,,,,,,1,,2,JaMychal Green,0,,,missed,,free throw 1/2,,,,,,MISS J. Green Free Throw 1 of 2
22200415,2022-23 Regular Season,2022-12-14,JaMychal Green,Anthony Lamb,Draymond Green,Jordan Poole,Donte DiVincenzo,Bennedict Mathurin,Oshae Brissett,Myles Turner,T.J. McConnell,Buddy Hield,4,87,93,0:11:48,0:00:12,0:00:00,370,GSW,rebound,,,,,,,,,,,,,,,,team rebound,,,,,,Warriors Rebound
22200415,2022-23 Regular Season,2022-12-14,JaMychal Green,Anthony Lamb,Draymond Green,Jordan Poole,Donte DiVincenzo,Bennedict Mathurin,Oshae Brissett,Myles Turner,T.J. McConnell,Buddy Hield,4,88,93,0:11:48,0:00:12,0:00:00,371,GSW,free throw,,,,,,,2,,2,JaMychal Green,1,,,made,,free throw 2/2,,,,,,J. Green Free Throw 2 of 2 (1 PTS)
22200415,2022-23 Regular Season,2022-12-14,JaMychal Green,Anthony Lamb,Draymond Green,Jordan Poole,Donte DiVincenzo,Bennedict Mathurin,Oshae Brissett,Myles Turner,T.J. McConnell,Buddy Hield,4,88,93,0:11:31,0:00:29,0:00:17,372,IND,shot,,,,,,,,,,Oshae Brissett,0,,,missed,,3pt jump shot,26,70,251,32.0,63.9,MISS Brissett 26' 3PT Jump Shot
22200415,2022-23 Regular Season,2022-12-14,JaMychal Green,Anthony Lamb,Draymond Green,Jordan Poole,Donte DiVincenzo,Bennedict Mathurin,Oshae Brissett,Myles Turner,T.J. McConnell,Buddy Hield,4,88,93,0:11:26,0:00:34,0:00:05,373,GSW,rebound,,,,,,,,,,Anthony Lamb,,,,,,rebound defensive,,,,,,Lamb REBOUND (Off:0 Def:2)
22200415,2022-23 Regular Season,2022-12-14,JaMychal Green,Anthony Lamb,Draymond Green,Jordan Poole,Donte DiVincenzo,Bennedict Mathurin,Oshae Brissett,Myles Turner,T.J. McConnell,Buddy Hield,4,88,93,0:11:19,0:00:41,0:00:07,374,GSW,turnover,,,,,,,,,,Draymond Green,,,traveling,,,traveling,,,,,,D. Green Traveling Turnover (P5.T20)
22200415,2022-23 Regular Season,2022-12-14,JaMychal Green,Anthony Lamb,Draymond Green,Jordan Poole,Donte DiVincenzo,Bennedict Mathurin,Oshae Brissett,Myles Turner,T.J. McConnell,Buddy Hield,4,88,95,0:11:12,0:00:48,0:00:07,375,IND,shot,T.J. McConnell,,,,,,,,,Myles Turner,2,,,made,,jump shot,12,-7,120,24.3,77.0,Turner 12' Jump Shot (16 PTS) (McConnell 6 AST)
22200415,2022-23 Regular Season,2022-12-14,JaMychal Green,Anthony Lamb,Draymond Green,Jordan Poole,Donte DiVincenzo,Bennedict Mathurin,Oshae Brissett,Myles Turner,T.J. McConnell,Buddy Hield,4,88,95,0:10:53,0:01:07,0:00:19,376,GSW,shot,,,,,,,,,,Jordan Poole,0,,,missed,,3pt pullup jump shot,26,-112,235,36.2,28.5,MISS Poole 26' 3PT Pullup Jump Shot
22200415,2022-23 Regular Season,2022-12-14,JaMychal Green,Anthony Lamb,Draymond Green,Jordan Poole,Donte DiVincenzo,Bennedict Mathurin,Oshae Brissett,Myles Turner,T.J. McConnell,Buddy Hield,4,88,95,0:10:49,0:01:11,0:00:04,377,IND,rebound,,,,,,,,,,Oshae Brissett,,,,,,rebound defensive,,,,,,Brissett REBOUND (Off:0 Def:2)
22200415,2022-23 Regular Season,2022-12-14,JaMychal Green,Anthony Lamb,Draymond Green,Jordan Poole,Donte DiVincenzo,Bennedict Mathurin,Oshae Brissett,Myles Turner,T.J. McConnell,Buddy Hield,4,88,95,0:10:45,0:01:15,0:00:04,378,GSW,foul,,,,,,,,T.J. McConnell,,Jordan Poole,,,s.foul,,,shooting,,,,,,Poole S.FOUL (P5.T1) (N.Buchert)
22200415,2022-23 Regular Season,2022-12-14,JaMychal Green,Anthony Lamb,Draymond Green,Jordan Poole,Donte DiVincenzo,Bennedict Mathurin,Oshae Brissett,Myles Turner,T.J. McConnell,Buddy Hield,4,88,96,0:10:45,0:01:15,0:00:00,379,IND,free throw,,,,,,,1,,2,T.J. McConnell,1,,,made,,free throw 1/2,,,,,,McConnell Free Throw 1 of 2 (4 PTS)
22200415,2022-23 Regular Season,2022-12-14,JaMychal Green,Anthony Lamb,Draymond Green,Jordan Poole,Donte DiVincenzo,Bennedict Mathurin,Oshae Brissett,Myles Turner,T.J. McConnell,Buddy Hield,4,88,97,0:10:45,0:01:15,0:00:00,380,IND,free throw,,,,,,,2,,2,T.J. McConnell,1,,,made,,free throw 2/2,,,,,,McConnell Free Throw 2 of 2 (5 PTS)
22200415,2022-23 Regular Season,2022-12-14,JaMychal Green,Anthony Lamb,Draymond Green,Jordan Poole,Donte DiVincenzo,Bennedict Mathurin,Oshae Brissett,Myles Turner,T.J. McConnell,Buddy Hield,4,88,97,0:10:35,0:01:25,0:00:10,381,GSW,turnover,,,,,,,,,,Jordan Poole,,,,,Buddy Hield,lost ball,,,,,,Hield STEAL (1 STL): Poole Lost Ball Turnover (P3.T21)
22200415,2022-23 Regular Season,2022-12-14,JaMychal Green,Anthony Lamb,Draymond Green,Jordan Poole,Donte DiVincenzo,Bennedict Mathurin,Oshae Brissett,Myles Turner,T.J. McConnell,Buddy Hield,4,88,99,0:10:29,0:01:31,0:00:06,382,IND,shot,T.J. McConnell,,,,,,,,,Oshae Brissett,2,,,made,,dunk,1,5,4,25.5,88.6,Brissett 1' Running Dunk (9 PTS) (McConnell 7 AST)
22200415,2022-23 Regular Season,2022-12-14,JaMychal Green,Anthony Lamb,Draymond Green,Jordan Poole,Donte DiVincenzo,Bennedict Mathurin,Oshae Brissett,Myles Turner,T.J. McConnell,Buddy Hield,4,88,99,0:10:08,0:01:52,0:00:21,383,GSW,shot,,,,,,,,,,Donte DiVincenzo,0,,,missed,,jump shot,7,-22,69,27.2,11.9,MISS DiVincenzo 7' Turnaround Jump Shot
22200415,2022-23 Regular Season,2022-12-14,JaMychal Green,Anthony Lamb,Draymond Green,Jordan Poole,Donte DiVincenzo,Bennedict Mathurin,Oshae Brissett,Myles Turner,T.J. McConnell,Buddy Hield,4,88,99,0:10:05,0:01:55,0:00:03,384,IND,rebound,,,,,,,,,,Buddy Hield,,,,,,rebound defensive,,,,,,Hield REBOUND (Off:1 Def:2)
22200415,2022-23 Regular Season,2022-12-14,JaMychal Green,Anthony Lamb,Draymond Green,Jordan Poole,Donte DiVincenzo,Bennedict Mathurin,Oshae Brissett,Myles Turner,T.J. McConnell,Buddy Hield,4,88,99,0:09:53,0:02:07,0:00:12,385,IND,shot,,,,,,,,,,Bennedict Mathurin,0,,,missed,,3pt step back jump shot,22,-224,11,2.599999999999998,87.9,MISS Mathurin 3PT Step Back Jump Shot
22200415,2022-23 Regular Season,2022-12-14,JaMychal Green,Anthony Lamb,Draymond Green,Jordan Poole,Donte DiVincenzo,Bennedict Mathurin,Oshae Brissett,Myles Turner,T.J. McConnell,Buddy Hield,4,88,99,0:09:50,0:02:10,0:00:03,386,GSW,rebound,,,,,,,,,,Jordan Poole,,,,,,rebound defensive,,,,,,Poole REBOUND (Off:2 Def:3)
22200415,2022-23 Regular Season,2022-12-14,JaMychal Green,Anthony Lamb,Draymond Green,Jordan Poole,Donte DiVincenzo,Bennedict Mathurin,Oshae Brissett,Myles Turner,T.J. McConnell,Buddy Hield,4,91,99,0:09:46,0:02:14,0:00:04,387,GSW,shot,Jordan Poole,,,,,,,,,JaMychal Green,3,,,made,,3pt running jump shot,25,-240,70,49.0,12.0,J. Green 25' 3PT Running Jump Shot (4 PTS) (Poole 3 AST)
22200415,2022-23 Regular Season,2022-12-14,JaMychal Green,Anthony Lamb,Draymond Green,Jordan Poole,Donte DiVincenzo,Bennedict Mathurin,Oshae Brissett,Myles Turner,T.J. McConnell,Buddy Hield,4,91,99,0:09:19,0:02:41,0:00:27,388,IND,turnover,,,,,,,,,,T.J. McConnell,,,bad pass,,,bad pass,,,,,,McConnell Out of Bounds - Bad Pass Turnover Turnover (P2.T15)
22200415,2022-23 Regular Season,2022-12-14,JaMychal Green,Anthony Lamb,Draymond Green,Jordan Poole,Donte DiVincenzo,Bennedict Mathurin,Oshae Brissett,Myles Turner,T.J. McConnell,Buddy Hield,4,91,99,0:09:04,0:02:56,0:00:15,389,GSW,turnover,,,,,,,,,,Draymond Green,,,bad pass,,T.J. McConnell,bad pass,,,,,,McConnell STEAL (1 STL): D. Green Bad Pass Turnover (P6.T22)
22200415,2022-23 Regular Season,2022-12-14,JaMychal Green,Anthony Lamb,Draymond Green,Jordan Poole,Donte DiVincenzo,Bennedict Mathurin,Oshae Brissett,Myles Turner,T.J. McConnell,Buddy Hield,4,91,101,0:09:00,0:03:00,0:00:04,390,IND,shot,T.J. McConnell,,,,,,,,,Oshae Brissett,2,,,made,,layup,2,-22,5,22.8,88.5,Brissett 2' Running Finger Roll Layup (11 PTS) (McConnell 8 AST)
22200415,2022-23 Regular Season,2022-12-14,JaMychal Green,Anthony Lamb,Draymond Green,Jordan Poole,Donte DiVincenzo,Bennedict Mathurin,Oshae Brissett,Myles Turner,T.J. McConnell,Buddy Hield,4,91,101,0:08:47,0:03:13,0:00:13,391,GSW,shot,,,,Oshae Brissett,,,,,,Jordan Poole,0,,,missed,,driving dunk,3,-25,23,27.5,7.300000000000001,Brissett BLOCK (1 BLK): MISS Poole 3' Driving Dunk
22200415,2022-23 Regular Season,2022-12-14,JaMychal Green,Anthony Lamb,Draymond Green,Jordan Poole,Donte DiVincenzo,Bennedict Mathurin,Oshae Brissett,Myles Turner,T.J. McConnell,Buddy Hield,4,91,101,0:08:46,0:03:14,0:00:01,392,GSW,rebound,,,,,,,,,,,,,,,,rebound offensive,,,,,,Warriors Rebound
22200415,2022-23 Regular Season,2022-12-14,JaMychal Green,Anthony Lamb,Draymond Green,Jordan Poole,Donte DiVincenzo,Bennedict Mathurin,Oshae Brissett,Myles Turner,T.J. McConnell,Buddy Hield,4,91,101,0:08:40,0:03:20,0:00:06,393,IND,foul,,,,,,,,Donte DiVincenzo,,Bennedict Mathurin,,,s.foul,,,shooting,,,,,,Mathurin S.FOUL (P3.T2) (N.Buchert)
22200415,2022-23 Regular Season,2022-12-14,JaMychal Green,Jonathan Kuminga,Draymond Green,Jordan Poole,Donte DiVincenzo,Bennedict Mathurin,Oshae Brissett,Myles Turner,T.J. McConnell,Buddy Hield,4,91,101,0:08:40,0:03:20,0:00:00,394,GSW,substitution,,,,,Jonathan Kuminga,Anthony Lamb,,,,Anthony Lamb,,,,,,sub,,,,,,SUB: Kuminga FOR Lamb
22200415,2022-23 Regular Season,2022-12-14,JaMychal Green,Anthony Lamb,Draymond Green,Jordan Poole,Donte DiVincenzo,Bennedict Mathurin,Oshae Brissett,Myles Turner,T.J. McConnell,Buddy Hield,4,92,101,0:08:40,0:03:20,0:00:00,395,GSW,free throw,,,,,,,1,,2,Donte DiVincenzo,1,,,made,,free throw 1/2,,,,,,DiVincenzo Free Throw 1 of 2 (6 PTS)
22200415,2022-23 Regular Season,2022-12-14,JaMychal Green,Anthony Lamb,Draymond Green,Jordan Poole,Donte DiVincenzo,Bennedict Mathurin,Oshae Brissett,Myles Turner,T.J. McConnell,Buddy Hield,4,93,101,0:08:40,0:03:20,0:00:00,396,GSW,free throw,,,,,,,2,,2,Donte DiVincenzo,1,,,made,,free throw 2/2,,,,,,DiVincenzo Free Throw 2 of 2 (7 PTS)
22200415,2022-23 Regular Season,2022-12-14,JaMychal Green,Jonathan Kuminga,Draymond Green,Jordan Poole,Donte DiVincenzo,Bennedict Mathurin,Oshae Brissett,Myles Turner,T.J. McConnell,Buddy Hield,4,93,104,0:08:24,0:03:36,0:00:16,397,IND,shot,T.J. McConnell,,,,,,,,,Bennedict Mathurin,3,,,made,,3pt jump shot,23,232,24,48.2,86.6,Mathurin 3PT Jump Shot (23 PTS) (McConnell 9 AST)
22200415,2022-23 Regular Season,2022-12-14,JaMychal Green,Jonathan Kuminga,Draymond Green,Jordan Poole,Donte DiVincenzo,Bennedict Mathurin,Oshae Brissett,Myles Turner,T.J. McConnell,Buddy Hield,4,93,104,0:08:24,0:03:36,0:00:00,398,GSW,foul,,,,,,,,Bennedict Mathurin,,Draymond Green,,,s.foul,,,shooting,,,,,,D. Green S.FOUL (P1.T2) (T.Ford)
22200415,2022-23 Regular Season,2022-12-14,JaMychal Green,Jonathan Kuminga,Draymond Green,Jordan Poole,Donte DiVincenzo,Bennedict Mathurin,Oshae Brissett,Myles Turner,T.J. McConnell,Buddy Hield,4,93,104,0:08:24,0:03:36,0:00:00,399,GSW,foul,,,,,,,,,,Draymond Green,,,,,,technical,,,,,,D. Green T.FOUL (P1.T2) (T.Ford)
22200415,2022-23 Regular Season,2022-12-14,JaMychal Green,Jonathan Kuminga,Draymond Green,Jordan Poole,Donte DiVincenzo,Bennedict Mathurin,Oshae Brissett,Myles Turner,T.J. McConnell,Buddy Hield,4,93,105,0:08:24,0:03:36,0:00:00,400,IND,free throw,,,,,,,1,,1,Buddy Hield,1,,,made,,free throw technical,,,,,,Hield Free Throw Technical (13 PTS)
22200415,2022-23 Regular Season,2022-12-14,JaMychal Green,Jonathan Kuminga,Draymond Green,Jordan Poole,Donte DiVincenzo,Bennedict Mathurin,Oshae Brissett,Myles Turner,T.J. McConnell,Buddy Hield,4,93,106,0:08:24,0:03:36,0:00:00,401,IND,free throw,,,,,,,1,,1,Bennedict Mathurin,1,,,made,,free throw 1/1,,,,,,Mathurin Free Throw 1 of 1 (24 PTS)
22200415,2022-23 Regular Season,2022-12-14,JaMychal Green,Jonathan Kuminga,Draymond Green,Jordan Poole,Donte DiVincenzo,Bennedict Mathurin,Oshae Brissett,Myles Turner,T.J. McConnell,Buddy Hield,4,93,106,0:08:10,0:03:50,0:00:14,402,IND,foul,,,,,,,,JaMychal Green,,Myles Turner,,,s.foul,,,shooting,,,,,,Turner S.FOUL (P4.T3) (N.Buchert)
22200415,2022-23 Regular Season,2022-12-14,JaMychal Green,Jonathan Kuminga,Draymond Green,Jordan Poole,Donte DiVincenzo,Bennedict Mathurin,Oshae Brissett,Myles Turner,T.J. McConnell,Buddy Hield,4,94,106,0:08:10,0:03:50,0:00:00,403,GSW,free throw,,,,,,,1,,2,JaMychal Green,1,,,made,,free throw 1/2,,,,,,J. Green Free Throw 1 of 2 (5 PTS)
22200415,2022-23 Regular Season,2022-12-14,JaMychal Green,Jonathan Kuminga,Draymond Green,Jordan Poole,Donte DiVincenzo,Bennedict Mathurin,Oshae Brissett,Myles Turner,T.J. McConnell,Buddy Hield,4,94,106,0:08:10,0:03:50,0:00:00,404,GSW,foul,,,,,,,,,,Draymond Green,,,,,,technical,,,,,,D. Green T.FOUL (P1.T2) (T.Ford)
22200415,2022-23 Regular Season,2022-12-14,JaMychal Green,Jonathan Kuminga,Draymond Green,Jordan Poole,Donte DiVincenzo,Bennedict Mathurin,Oshae Brissett,Myles Turner,T.J. McConnell,Buddy Hield,4,94,107,0:08:10,0:03:50,0:00:00,405,IND,free throw,,,,,,,1,,1,Buddy Hield,1,,,made,,free throw technical,,,,,,Hield Free Throw Technical (14 PTS)
22200415,2022-23 Regular Season,2022-12-14,JaMychal Green,Jonathan Kuminga,Moses Moody,Jordan Poole,Donte DiVincenzo,Bennedict Mathurin,Oshae Brissett,Myles Turner,T.J. McConnell,Buddy Hield,4,94,107,0:08:10,0:03:50,0:00:00,406,GSW,substitution,,,,,Moses Moody,Draymond Green,,,,Draymond Green,,,,,,sub,,,,,,SUB: Moody FOR D. Green
22200415,2022-23 Regular Season,2022-12-14,JaMychal Green,Jonathan Kuminga,Draymond Green,Jordan Poole,Donte DiVincenzo,Bennedict Mathurin,Oshae Brissett,Myles Turner,T.J. McConnell,Buddy Hield,4,95,107,0:08:10,0:03:50,0:00:00,407,GSW,free throw,,,,,,,2,,2,JaMychal Green,1,,,made,,free throw 2/2,,,,,,J. Green Free Throw 2 of 2 (6 PTS)
22200415,2022-23 Regular Season,2022-12-14,JaMychal Green,Jonathan Kuminga,Moses Moody,Jordan Poole,Donte DiVincenzo,Bennedict Mathurin,Oshae Brissett,Myles Turner,T.J. McConnell,Buddy Hield,4,95,107,0:08:10,0:03:50,0:00:00,408,GSW,ejection,,,,,,,,,,Draymond Green,,,,,,ejection: other,,,,,,D. Green Ejection:Other
22200415,2022-23 Regular Season,2022-12-14,JaMychal Green,Jonathan Kuminga,Moses Moody,Jordan Poole,Donte DiVincenzo,Bennedict Mathurin,Oshae Brissett,Myles Turner,T.J. McConnell,Buddy Hield,4,95,107,0:07:56,0:04:04,0:00:14,409,IND,shot,,,,,,,,,,T.J. McConnell,0,,,missed,,layup,4,20,31,27.0,85.9,MISS McConnell 4' Driving Finger Roll Layup
22200415,2022-23 Regular Season,2022-12-14,JaMychal Green,Jonathan Kuminga,Moses Moody,Jordan Poole,Donte DiVincenzo,Bennedict Mathurin,Oshae Brissett,Myles Turner,T.J. McConnell,Buddy Hield,4,95,107,0:07:53,0:04:07,0:00:03,410,GSW,rebound,,,,,,,,,,JaMychal Green,,,,,,rebound defensive,,,,,,J. Green REBOUND (Off:1 Def:2)
22200415,2022-23 Regular Season,2022-12-14,JaMychal Green,Jonathan Kuminga,Moses Moody,Jordan Poole,Donte DiVincenzo,Bennedict Mathurin,Oshae Brissett,Myles Turner,T.J. McConnell,Buddy Hield,4,95,107,0:07:48,0:04:12,0:00:05,411,IND,foul,,,,,,,,Jonathan Kuminga,,Bennedict Mathurin,,,p.foul,,,personal,,,,,,Mathurin P.FOUL (P4.T4) (J.Goldenberg)
22200415,2022-23 Regular Season,2022-12-14,JaMychal Green,Jonathan Kuminga,Moses Moody,Jordan Poole,Donte DiVincenzo,Tyrese Haliburton,Oshae Brissett,Myles Turner,T.J. McConnell,Buddy Hield,4,95,107,0:07:48,0:04:12,0:00:00,412,IND,substitution,,,,,Tyrese Haliburton,Bennedict Mathurin,,,,Bennedict Mathurin,,,,,,sub,,,,,,SUB: Haliburton FOR Mathurin
22200415,2022-23 Regular Season,2022-12-14,JaMychal Green,Jonathan Kuminga,Moses Moody,Jordan Poole,Donte DiVincenzo,Tyrese Haliburton,Oshae Brissett,Myles Turner,Andrew Nembhard,Buddy Hield,4,95,107,0:07:48,0:04:12,0:00:00,413,IND,substitution,,,,,Andrew Nembhard,T.J. McConnell,,,,T.J. McConnell,,,,,,sub,,,,,,SUB: Nembhard FOR McConnell
22200415,2022-23 Regular Season,2022-12-14,JaMychal Green,Jonathan Kuminga,Moses Moody,Jordan Poole,Donte DiVincenzo,Tyrese Haliburton,Oshae Brissett,Myles Turner,Andrew Nembhard,Buddy Hield,4,95,107,0:07:42,0:04:18,0:00:06,414,GSW,shot,,,,,,,,,,Jordan Poole,0,,,missed,,3pt pullup jump shot,25,2,251,24.8,30.1,MISS Poole 25' 3PT Pullup Jump Shot
22200415,2022-23 Regular Season,2022-12-14,JaMychal Green,Jonathan Kuminga,Moses Moody,Jordan Poole,Donte DiVincenzo,Tyrese Haliburton,Oshae Brissett,Myles Turner,Andrew Nembhard,Buddy Hield,4,95,107,0:07:38,0:04:22,0:00:04,415,IND,rebound,,,,,,,,,,Buddy Hield,,,,,,rebound defensive,,,,,,Hield REBOUND (Off:1 Def:3)
22200415,2022-23 Regular Season,2022-12-14,JaMychal Green,Jonathan Kuminga,Moses Moody,Jordan Poole,Donte DiVincenzo,Tyrese Haliburton,Oshae Brissett,Myles Turner,Andrew Nembhard,Buddy Hield,4,95,107,0:07:27,0:04:33,0:00:11,416,IND,turnover,,,,,,,,,,Tyrese Haliburton,,,out of bounds lost ball,,,out of bounds lost ball,,,,,,Haliburton Out of Bounds Lost Ball Turnover (P5.T16)
22200415,2022-23 Regular Season,2022-12-14,JaMychal Green,Jonathan Kuminga,Moses Moody,Jordan Poole,Donte DiVincenzo,Tyrese Haliburton,Oshae Brissett,Myles Turner,Andrew Nembhard,Buddy Hield,4,98,107,0:07:19,0:04:41,0:00:08,417,GSW,shot,Jordan Poole,,,,,,,,,JaMychal Green,3,,,made,,3pt jump shot,25,0,254,25.0,30.400000000000002,J. Green 25' 3PT Jump Shot (9 PTS) (Poole 4 AST)
22200415,2022-23 Regular Season,2022-12-14,JaMychal Green,Jonathan Kuminga,Moses Moody,Jordan Poole,Donte DiVincenzo,Tyrese Haliburton,Oshae Brissett,Myles Turner,Andrew Nembhard,Buddy Hield,4,98,107,0:06:49,0:05:11,0:00:30,418,IND,shot,,,,,,,,,,Buddy Hield,0,,,missed,,driving floating jump shot,5,-27,47,22.3,84.3,MISS Hield 5' Driving Floating Jump Shot
22200415,2022-23 Regular Season,2022-12-14,JaMychal Green,Jonathan Kuminga,Moses Moody,Jordan Poole,Donte DiVincenzo,Tyrese Haliburton,Oshae Brissett,Myles Turner,Andrew Nembhard,Buddy Hield,4,98,107,0:06:47,0:05:13,0:00:02,419,GSW,rebound,,,,,,,,,,Donte DiVincenzo,,,,,,rebound defensive,,,,,,DiVincenzo REBOUND (Off:0 Def:8)
22200415,2022-23 Regular Season,2022-12-14,JaMychal Green,Jonathan Kuminga,Moses Moody,Jordan Poole,Donte DiVincenzo,Tyrese Haliburton,Oshae Brissett,Myles Turner,Andrew Nembhard,Buddy Hield,4,101,107,0:06:41,0:05:19,0:00:06,420,GSW,shot,Donte DiVincenzo,,,,,,,,,JaMychal Green,3,,,made,,3pt jump shot,27,-36,272,28.6,32.2,J. Green 27' 3PT Jump Shot (12 PTS) (DiVincenzo 3 AST)
22200415,2022-23 Regular Season,2022-12-14,JaMychal Green,Jonathan Kuminga,Moses Moody,Jordan Poole,Donte DiVincenzo,Tyrese Haliburton,Oshae Brissett,Myles Turner,Andrew Nembhard,Buddy Hield,4,101,107,0:06:39,0:05:21,0:00:02,421,IND,timeout,,,,,,,,,,,,,,,,timeout: regular,,,,,,PACERS Timeout: Regular (Full 5 Short 0)
22200415,2022-23 Regular Season,2022-12-14,JaMychal Green,Jonathan Kuminga,Moses Moody,Jordan Poole,Donte DiVincenzo,Tyrese Haliburton,Bennedict Mathurin,Myles Turner,Andrew Nembhard,Buddy Hield,4,101,107,0:06:39,0:05:21,0:00:00,422,IND,substitution,,,,,Bennedict Mathurin,Oshae Brissett,,,,Oshae Brissett,,,,,,sub,,,,,,SUB: Mathurin FOR Brissett
22200415,2022-23 Regular Season,2022-12-14,JaMychal Green,Jonathan Kuminga,Moses Moody,Jordan Poole,Donte DiVincenzo,Tyrese Haliburton,Bennedict Mathurin,Myles Turner,Andrew Nembhard,Buddy Hield,4,101,110,0:06:25,0:05:35,0:00:14,423,IND,shot,Tyrese Haliburton,,,,,,,,,Buddy Hield,3,,,made,,3pt jump shot,26,-235,104,1.5,78.6,Hield 26' 3PT Jump Shot (17 PTS) (Haliburton 6 AST)
22200415,2022-23 Regular Season,2022-12-14,JaMychal Green,Jonathan Kuminga,Moses Moody,Jordan Poole,Donte DiVincenzo,Tyrese Haliburton,Bennedict Mathurin,Myles Turner,Andrew Nembhard,Buddy Hield,4,103,110,0:06:09,0:05:51,0:00:16,424,GSW,shot,Jordan Poole,,,,,,,,,Moses Moody,2,,,made,,jump shot,14,-141,20,39.1,7.0,Moody 14' Pullup Jump Shot (13 PTS) (Poole 5 AST)
22200415,2022-23 Regular Season,2022-12-14,JaMychal Green,Jonathan Kuminga,Moses Moody,Jordan Poole,Donte DiVincenzo,Tyrese Haliburton,Bennedict Mathurin,Myles Turner,Andrew Nembhard,Buddy Hield,4,103,110,0:05:51,0:06:09,0:00:18,425,IND,foul,,,,,,,,Jordan Poole,,Myles Turner,,,,,,offensive,,,,,,Turner OFF.Foul (P5) (N.Buchert)
22200415,2022-23 Regular Season,2022-12-14,JaMychal Green,Jonathan Kuminga,Moses Moody,Jordan Poole,Donte DiVincenzo,Tyrese Haliburton,Bennedict Mathurin,Myles Turner,Andrew Nembhard,Buddy Hield,4,103,110,0:05:51,0:06:09,0:00:00,426,IND,turnover,,,,,,,,,,Myles Turner,,,offensive foul turnover,,,offensive foul,,,,,,Turner Offensive Foul Turnover (P2.T17)
22200415,2022-23 Regular Season,2022-12-14,JaMychal Green,Jonathan Kuminga,Moses Moody,Jordan Poole,Donte DiVincenzo,Tyrese Haliburton,Bennedict Mathurin,Myles Turner,Andrew Nembhard,Buddy Hield,4,103,110,0:05:37,0:06:23,0:00:14,427,GSW,shot,,,,,,,,,,Jonathan Kuminga,0,,,missed,,cutting layup shot,2,17,15,23.3,6.5,MISS Kuminga 2' Cutting Layup Shot
22200415,2022-23 Regular Season,2022-12-14,JaMychal Green,Jonathan Kuminga,Moses Moody,Jordan Poole,Donte DiVincenzo,Tyrese Haliburton,Bennedict Mathurin,Myles Turner,Andrew Nembhard,Buddy Hield,4,103,110,0:05:34,0:06:26,0:00:03,428,GSW,rebound,,,,,,,,,,Jonathan Kuminga,,,,,,rebound offensive,,,,,,Kuminga REBOUND (Off:5 Def:2)
22200415,2022-23 Regular Season,2022-12-14,JaMychal Green,Jonathan Kuminga,Moses Moody,Jordan Poole,Donte DiVincenzo,Tyrese Haliburton,Bennedict Mathurin,Myles Turner,Andrew Nembhard,Buddy Hield,4,103,110,0:05:34,0:06:26,0:00:00,429,GSW,shot,,,,,,,,,,Jonathan Kuminga,0,,,missed,,layup,0,0,0,25.0,5.0,MISS Kuminga Tip Layup Shot
22200415,2022-23 Regular Season,2022-12-14,JaMychal Green,Jonathan Kuminga,Moses Moody,Jordan Poole,Donte DiVincenzo,Tyrese Haliburton,Bennedict Mathurin,Myles Turner,Andrew Nembhard,Buddy Hield,4,103,110,0:05:31,0:06:29,0:00:03,430,IND,rebound,,,,,,,,,,Buddy Hield,,,,,,rebound defensive,,,,,,Hield REBOUND (Off:1 Def:4)
22200415,2022-23 Regular Season,2022-12-14,JaMychal Green,Jonathan Kuminga,Moses Moody,Jordan Poole,Donte DiVincenzo,Tyrese Haliburton,Bennedict Mathurin,Myles Turner,Andrew Nembhard,Buddy Hield,4,103,112,0:05:23,0:06:37,0:00:08,431,IND,shot,,,,,,,,,,Andrew Nembhard,2,,,made,,layup,3,26,9,27.6,88.1,Nembhard 3' Driving Finger Roll Layup (6 PTS)
22200415,2022-23 Regular Season,2022-12-14,JaMychal Green,Jonathan Kuminga,Moses Moody,Jordan Poole,Donte DiVincenzo,Tyrese Haliburton,Bennedict Mathurin,Myles Turner,Andrew Nembhard,Buddy Hield,4,103,112,0:05:13,0:06:47,0:00:10,432,GSW,shot,,,,,,,,,,Jordan Poole,0,,,missed,,layup,2,-20,13,27.0,6.3,MISS Poole 2' Driving Finger Roll Layup
22200415,2022-23 Regular Season,2022-12-14,JaMychal Green,Jonathan Kuminga,Moses Moody,Jordan Poole,Donte DiVincenzo,Tyrese Haliburton,Bennedict Mathurin,Myles Turner,Andrew Nembhard,Buddy Hield,4,105,112,0:05:08,0:06:52,0:00:05,433,GSW,shot,,,,,,,,,,JaMychal Green,2,,,made,,layup,0,0,0,25.0,5.0,J. Green Tip Layup Shot (14 PTS)
22200415,2022-23 Regular Season,2022-12-14,JaMychal Green,Jonathan Kuminga,Moses Moody,Jordan Poole,Donte DiVincenzo,Tyrese Haliburton,Bennedict Mathurin,Myles Turner,Andrew Nembhard,Buddy Hield,4,105,112,0:05:08,0:06:52,0:00:00,434,GSW,rebound,,,,,,,,,,JaMychal Green,,,,,,rebound offensive,,,,,,J. Green REBOUND (Off:2 Def:2)
22200415,2022-23 Regular Season,2022-12-14,JaMychal Green,Jonathan Kuminga,Moses Moody,Jordan Poole,Donte DiVincenzo,Tyrese Haliburton,Bennedict Mathurin,Myles Turner,Andrew Nembhard,Buddy Hield,4,105,114,0:04:54,0:07:06,0:00:14,435,IND,shot,,,,,,,,,,Tyrese Haliburton,2,,,made,,layup,2,-18,8,23.2,88.2,Haliburton 2' Driving Finger Roll Layup (25 PTS)
22200415,2022-23 Regular Season,2022-12-14,JaMychal Green,Jonathan Kuminga,Moses Moody,Jordan Poole,Donte DiVincenzo,Tyrese Haliburton,Bennedict Mathurin,Myles Turner,Andrew Nembhard,Buddy Hield,4,105,114,0:04:35,0:07:25,0:00:19,436,IND,foul,,,,,,,,JaMychal Green,,Bennedict Mathurin,,,s.foul,,,shooting,,,,,,Mathurin S.FOUL (P5.PN) (N.Buchert)
22200415,2022-23 Regular Season,2022-12-14,JaMychal Green,Jonathan Kuminga,Moses Moody,Jordan Poole,Donte DiVincenzo,Tyrese Haliburton,Bennedict Mathurin,Myles Turner,Andrew Nembhard,Buddy Hield,4,105,114,0:04:35,0:07:25,0:00:00,437,GSW,free throw,,,,,,,1,,2,JaMychal Green,0,,,missed,,free throw 1/2,,,,,,MISS J. Green Free Throw 1 of 2
22200415,2022-23 Regular Season,2022-12-14,JaMychal Green,Jonathan Kuminga,Moses Moody,Jordan Poole,Donte DiVincenzo,Tyrese Haliburton,Bennedict Mathurin,Myles Turner,Andrew Nembhard,Buddy Hield,4,105,114,0:04:35,0:07:25,0:00:00,438,GSW,rebound,,,,,,,,,,,,,,,,team rebound,,,,,,Warriors Rebound
22200415,2022-23 Regular Season,2022-12-14,JaMychal Green,Jonathan Kuminga,Moses Moody,Jordan Poole,Donte DiVincenzo,Tyrese Haliburton,Bennedict Mathurin,Jalen Smith,Andrew Nembhard,Buddy Hield,4,105,114,0:04:35,0:07:25,0:00:00,439,IND,substitution,,,,,Jalen Smith,Myles Turner,,,,Myles Turner,,,,,,sub,,,,,,SUB: Smith FOR Turner
22200415,2022-23 Regular Season,2022-12-14,JaMychal Green,Jonathan Kuminga,Moses Moody,Jordan Poole,Donte DiVincenzo,Tyrese Haliburton,Bennedict Mathurin,Myles Turner,Andrew Nembhard,Buddy Hield,4,106,114,0:04:35,0:07:25,0:00:00,440,GSW,free throw,,,,,,,2,,2,JaMychal Green,1,,,made,,free throw 2/2,,,,,,J. Green Free Throw 2 of 2 (15 PTS)
22200415,2022-23 Regular Season,2022-12-14,JaMychal Green,Jonathan Kuminga,Moses Moody,Jordan Poole,Donte DiVincenzo,Tyrese Haliburton,Bennedict Mathurin,Jalen Smith,Andrew Nembhard,Buddy Hield,4,106,116,0:04:25,0:07:35,0:00:10,441,IND,shot,,,,,,,,,,Tyrese Haliburton,2,,,made,,layup,2,21,10,27.1,88.0,Haliburton 2' Driving Finger Roll Layup (27 PTS)
22200415,2022-23 Regular Season,2022-12-14,JaMychal Green,Jonathan Kuminga,Moses Moody,Jordan Poole,Donte DiVincenzo,Tyrese Haliburton,Bennedict Mathurin,Jalen Smith,Andrew Nembhard,Buddy Hield,4,106,116,0:04:15,0:07:45,0:00:10,442,GSW,shot,,,,,,,,,,Moses Moody,0,,,missed,,3pt jump shot,27,194,188,5.599999999999998,23.8,MISS Moody 27' 3PT Jump Shot
22200415,2022-23 Regular Season,2022-12-14,JaMychal Green,Jonathan Kuminga,Moses Moody,Jordan Poole,Donte DiVincenzo,Tyrese Haliburton,Bennedict Mathurin,Jalen Smith,Andrew Nembhard,Buddy Hield,4,106,116,0:04:13,0:07:47,0:00:02,443,IND,rebound,,,,,,,,,,Bennedict Mathurin,,,,,,rebound defensive,,,,,,Mathurin REBOUND (Off:0 Def:5)
22200415,2022-23 Regular Season,2022-12-14,JaMychal Green,Jonathan Kuminga,Moses Moody,Jordan Poole,Donte DiVincenzo,Tyrese Haliburton,Bennedict Mathurin,Jalen Smith,Andrew Nembhard,Buddy Hield,4,106,116,0:03:57,0:08:03,0:00:16,444,IND,foul,,,,,,,,Moses Moody,,Tyrese Haliburton,,,offensive charge foul,,,offensive charge,,,,,,Haliburton Offensive Charge Foul (P3) (J.Goldenberg)
22200415,2022-23 Regular Season,2022-12-14,JaMychal Green,Jonathan Kuminga,Moses Moody,Jordan Poole,Donte DiVincenzo,Tyrese Haliburton,Bennedict Mathurin,Jalen Smith,Andrew Nembhard,Buddy Hield,4,106,116,0:03:57,0:08:03,0:00:00,445,IND,turnover,,,,,,,,,,Tyrese Haliburton,,,offensive foul turnover,,,offensive foul,,,,,,Haliburton Offensive Foul Turnover (P6.T18)
22200415,2022-23 Regular Season,2022-12-14,JaMychal Green,Jonathan Kuminga,Moses Moody,Jordan Poole,Donte DiVincenzo,Tyrese Haliburton,Bennedict Mathurin,Jalen Smith,Andrew Nembhard,Buddy Hield,4,108,116,0:03:46,0:08:14,0:00:11,446,GSW,shot,,,,,,,,,,Jordan Poole,2,,,made,,driving layup,3,25,10,22.5,6.0,Poole 3' Driving Layup (17 PTS)
22200415,2022-23 Regular Season,2022-12-14,JaMychal Green,Jonathan Kuminga,Moses Moody,Jordan Poole,Donte DiVincenzo,Tyrese Haliburton,Bennedict Mathurin,Jalen Smith,Andrew Nembhard,Buddy Hield,4,108,116,0:03:46,0:08:14,0:00:00,447,IND,foul,,,,,,,,Jordan Poole,,Jalen Smith,,,s.foul,,,shooting,,,,,,Smith S.FOUL (P3.PN) (T.Ford)
22200415,2022-23 Regular Season,2022-12-14,JaMychal Green,Jonathan Kuminga,Moses Moody,Jordan Poole,Donte DiVincenzo,Tyrese Haliburton,Bennedict Mathurin,Jalen Smith,Andrew Nembhard,Buddy Hield,4,109,116,0:03:46,0:08:14,0:00:00,448,GSW,free throw,,,,,,,1,,1,Jordan Poole,1,,,made,,free throw 1/1,,,,,,Poole Free Throw 1 of 1 (18 PTS)
22200415,2022-23 Regular Season,2022-12-14,JaMychal Green,Jonathan Kuminga,Moses Moody,Jordan Poole,Donte DiVincenzo,Tyrese Haliburton,Bennedict Mathurin,Jalen Smith,Andrew Nembhard,Buddy Hield,4,109,116,0:03:32,0:08:28,0:00:14,449,IND,shot,,,,,,,,,,Bennedict Mathurin,0,,,missed,,3pt jump shot,26,188,178,43.8,71.2,MISS Mathurin 26' 3PT Jump Shot
22200415,2022-23 Regular Season,2022-12-14,JaMychal Green,Jonathan Kuminga,Moses Moody,Jordan Poole,Donte DiVincenzo,Tyrese Haliburton,Bennedict Mathurin,Jalen Smith,Andrew Nembhard,Buddy Hield,4,109,116,0:03:28,0:08:32,0:00:04,450,GSW,rebound,,,,,,,,,,Moses Moody,,,,,,rebound defensive,,,,,,Moody REBOUND (Off:0 Def:1)
22200415,2022-23 Regular Season,2022-12-14,JaMychal Green,Jonathan Kuminga,Moses Moody,Jordan Poole,Donte DiVincenzo,Tyrese Haliburton,Bennedict Mathurin,Jalen Smith,Andrew Nembhard,Buddy Hield,4,109,116,0:03:25,0:08:35,0:00:03,451,IND,foul,,,,,,,,Donte DiVincenzo,,Jalen Smith,,,s.foul,,,shooting,,,,,,Smith S.FOUL (P4.PN) (N.Buchert)
22200415,2022-23 Regular Season,2022-12-14,JaMychal Green,Jonathan Kuminga,Moses Moody,Jordan Poole,Donte DiVincenzo,Tyrese Haliburton,Bennedict Mathurin,Jalen Smith,Andrew Nembhard,Buddy Hield,4,110,116,0:03:25,0:08:35,0:00:00,452,GSW,free throw,,,,,,,1,,2,Donte DiVincenzo,1,,,made,,free throw 1/2,,,,,,DiVincenzo Free Throw 1 of 2 (8 PTS)
22200415,2022-23 Regular Season,2022-12-14,JaMychal Green,Jonathan Kuminga,Moses Moody,Jordan Poole,Donte DiVincenzo,Tyrese Haliburton,Bennedict Mathurin,Myles Turner,Andrew Nembhard,Buddy Hield,4,110,116,0:03:25,0:08:35,0:00:00,453,IND,substitution,,,,,Myles Turner,Jalen Smith,,,,Jalen Smith,,,,,,sub,,,,,,SUB: Turner FOR Smith
22200415,2022-23 Regular Season,2022-12-14,JaMychal Green,Jonathan Kuminga,Moses Moody,Jordan Poole,Donte DiVincenzo,Tyrese Haliburton,Bennedict Mathurin,Jalen Smith,Andrew Nembhard,Buddy Hield,4,111,116,0:03:25,0:08:35,0:00:00,454,GSW,free throw,,,,,,,2,,2,Donte DiVincenzo,1,,,made,,free throw 2/2,,,,,,DiVincenzo Free Throw 2 of 2 (9 PTS)
22200415,2022-23 Regular Season,2022-12-14,JaMychal Green,Jonathan Kuminga,Moses Moody,Jordan Poole,Donte DiVincenzo,Tyrese Haliburton,Bennedict Mathurin,Myles Turner,Andrew Nembhard,Buddy Hield,4,111,118,0:03:17,0:08:43,0:00:08,455,IND,shot,Andrew Nembhard,,,,,,,,,Myles Turner,2,,,made,,cutting layup shot,2,18,13,26.8,87.7,Turner 2' Cutting Layup Shot (18 PTS) (Nembhard 2 AST)
22200415,2022-23 Regular Season,2022-12-14,JaMychal Green,Jonathan Kuminga,Moses Moody,Jordan Poole,Donte DiVincenzo,Tyrese Haliburton,Bennedict Mathurin,Myles Turner,Andrew Nembhard,Buddy Hield,4,111,118,0:03:09,0:08:51,0:00:08,456,GSW,turnover,,,,,,,,,,Jordan Poole,,,,,,discontinue dribble,,,,,,Poole Discontinue Dribble Turnover (P4.T23)
22200415,2022-23 Regular Season,2022-12-14,JaMychal Green,Jonathan Kuminga,Moses Moody,Jordan Poole,Donte DiVincenzo,Tyrese Haliburton,Bennedict Mathurin,Myles Turner,Andrew Nembhard,Buddy Hield,4,111,118,0:02:45,0:09:15,0:00:24,457,IND,shot,,,,,,,,,,Bennedict Mathurin,0,,,missed,,hook shot,10,74,71,32.4,81.9,MISS Mathurin 10' Driving Hook Shot
22200415,2022-23 Regular Season,2022-12-14,JaMychal Green,Jonathan Kuminga,Moses Moody,Jordan Poole,Donte DiVincenzo,Tyrese Haliburton,Bennedict Mathurin,Myles Turner,Andrew Nembhard,Buddy Hield,4,111,118,0:02:42,0:09:18,0:00:03,458,GSW,rebound,,,,,,,,,,JaMychal Green,,,,,,rebound defensive,,,,,,J. Green REBOUND (Off:2 Def:3)
22200415,2022-23 Regular Season,2022-12-14,JaMychal Green,Jonathan Kuminga,Moses Moody,Jordan Poole,Donte DiVincenzo,Tyrese Haliburton,Bennedict Mathurin,Myles Turner,Andrew Nembhard,Buddy Hield,4,113,118,0:02:34,0:09:26,0:00:08,459,GSW,shot,Moses Moody,,,,,,,,,Jordan Poole,2,,,made,,driving layup,2,18,17,23.2,6.7,Poole 2' Driving Layup (20 PTS) (Moody 2 AST)
22200415,2022-23 Regular Season,2022-12-14,JaMychal Green,Jonathan Kuminga,Moses Moody,Jordan Poole,Donte DiVincenzo,Tyrese Haliburton,Bennedict Mathurin,Myles Turner,Andrew Nembhard,Buddy Hield,4,113,120,0:02:08,0:09:52,0:00:26,460,IND,shot,Andrew Nembhard,,,,,,,,,Myles Turner,2,,,made,,dunk,1,12,4,26.2,88.6,Turner 1' Dunk (20 PTS) (Nembhard 3 AST)
22200415,2022-23 Regular Season,2022-12-14,JaMychal Green,Jonathan Kuminga,Moses Moody,Jordan Poole,Donte DiVincenzo,Tyrese Haliburton,Bennedict Mathurin,Myles Turner,Andrew Nembhard,Buddy Hield,4,116,120,0:01:49,0:10:11,0:00:19,461,GSW,shot,Moses Moody,,,,,,,,,Donte DiVincenzo,3,,,made,,3pt jump shot,24,234,26,1.5999999999999979,7.6,DiVincenzo 24' 3PT Jump Shot (12 PTS) (Moody 3 AST)
22200415,2022-23 Regular Season,2022-12-14,JaMychal Green,Jonathan Kuminga,Moses Moody,Jordan Poole,Donte DiVincenzo,Tyrese Haliburton,Bennedict Mathurin,Myles Turner,Andrew Nembhard,Buddy Hield,4,116,120,0:01:33,0:10:27,0:00:16,462,GSW,foul,,,,,,,,Tyrese Haliburton,,Moses Moody,,,s.foul,,,shooting,,,,,,Moody S.FOUL (P1.T3) (T.Ford)
22200415,2022-23 Regular Season,2022-12-14,JaMychal Green,Jonathan Kuminga,Moses Moody,Jordan Poole,Donte DiVincenzo,Tyrese Haliburton,Bennedict Mathurin,Myles Turner,Andrew Nembhard,Buddy Hield,4,116,120,0:01:33,0:10:27,0:00:00,463,GSW,timeout,,,,,,,,,,,,,,,,timeout: regular,,,,,,Warriors Timeout: Regular (Reg.6 Short 0)
22200415,2022-23 Regular Season,2022-12-14,JaMychal Green,Jonathan Kuminga,Moses Moody,Jordan Poole,Donte DiVincenzo,Tyrese Haliburton,Bennedict Mathurin,Myles Turner,Andrew Nembhard,Buddy Hield,4,116,121,0:01:33,0:10:27,0:00:00,464,IND,free throw,,,,,,,1,,2,Tyrese Haliburton,1,,,made,,free throw 1/2,,,,,,Haliburton Free Throw 1 of 2 (28 PTS)
22200415,2022-23 Regular Season,2022-12-14,JaMychal Green,Jonathan Kuminga,Moses Moody,Jordan Poole,Donte DiVincenzo,Tyrese Haliburton,Bennedict Mathurin,Myles Turner,Andrew Nembhard,Buddy Hield,4,116,122,0:01:33,0:10:27,0:00:00,465,IND,free throw,,,,,,,2,,2,Tyrese Haliburton,1,,,made,,free throw 2/2,,,,,,Haliburton Free Throw 2 of 2 (29 PTS)
22200415,2022-23 Regular Season,2022-12-14,JaMychal Green,Jonathan Kuminga,Moses Moody,Jordan Poole,Donte DiVincenzo,Tyrese Haliburton,Bennedict Mathurin,Myles Turner,Andrew Nembhard,Buddy Hield,4,119,122,0:01:25,0:10:35,0:00:08,466,GSW,shot,JaMychal Green,,,,,,,,,Donte DiVincenzo,3,,,made,,3pt jump shot,28,233,148,1.6999999999999993,19.8,DiVincenzo 28' 3PT Jump Shot (15 PTS) (J. Green 1 AST)
22200415,2022-23 Regular Season,2022-12-14,JaMychal Green,Jonathan Kuminga,Moses Moody,Jordan Poole,Donte DiVincenzo,Tyrese Haliburton,Bennedict Mathurin,Myles Turner,Andrew Nembhard,Buddy Hield,4,119,122,0:01:06,0:10:54,0:00:19,467,GSW,foul,,,,,,,,Myles Turner,,Moses Moody,,,s.foul,,,shooting,,,,,,Moody S.FOUL (P2.PN) (J.Goldenberg)
22200415,2022-23 Regular Season,2022-12-14,JaMychal Green,Jonathan Kuminga,Moses Moody,Jordan Poole,Donte DiVincenzo,Tyrese Haliburton,Bennedict Mathurin,Myles Turner,Andrew Nembhard,Buddy Hield,4,119,122,0:01:06,0:10:54,0:00:00,468,IND,timeout,,,,,,,,,,,,,,,,unknown,,,,,,PACERS Timeout: Coach Challenge (Full 5 Short 0)
22200415,2022-23 Regular Season,2022-12-14,JaMychal Green,Jonathan Kuminga,Moses Moody,Jordan Poole,Donte DiVincenzo,Tyrese Haliburton,Bennedict Mathurin,Myles Turner,Andrew Nembhard,Buddy Hield,4,119,122,0:01:06,0:10:54,0:00:00,469,,,,,,,,,,,,,,,,,,unknown,,,,,,
22200415,2022-23 Regular Season,2022-12-14,JaMychal Green,Jonathan Kuminga,Moses Moody,Jordan Poole,Donte DiVincenzo,Tyrese Haliburton,Bennedict Mathurin,Myles Turner,Andrew Nembhard,Buddy Hield,4,119,122,0:01:06,0:10:54,0:00:00,470,IND,free throw,,,,,,,1,,2,Myles Turner,0,,,missed,,free throw 1/2,,,,,,MISS Turner Free Throw 1 of 2
22200415,2022-23 Regular Season,2022-12-14,JaMychal Green,Jonathan Kuminga,Moses Moody,Jordan Poole,Donte DiVincenzo,Tyrese Haliburton,Bennedict Mathurin,Myles Turner,Andrew Nembhard,Buddy Hield,4,119,122,0:01:06,0:10:54,0:00:00,471,IND,rebound,,,,,,,,,,,,,,,,team rebound,,,,,,PACERS Rebound
22200415,2022-23 Regular Season,2022-12-14,JaMychal Green,Jonathan Kuminga,Moses Moody,Jordan Poole,Donte DiVincenzo,Tyrese Haliburton,Bennedict Mathurin,Myles Turner,Andrew Nembhard,Buddy Hield,4,119,123,0:01:06,0:10:54,0:00:00,472,IND,free throw,,,,,,,2,,2,Myles Turner,1,,,made,,free throw 2/2,,,,,,Turner Free Throw 2 of 2 (21 PTS)
22200415,2022-23 Regular Season,2022-12-14,JaMychal Green,Jonathan Kuminga,Moses Moody,Jordan Poole,Donte DiVincenzo,Tyrese Haliburton,Bennedict Mathurin,Myles Turner,Andrew Nembhard,Buddy Hield,4,119,123,0:00:58,0:11:02,0:00:08,473,GSW,shot,,,,Myles Turner,,,,,,Jordan Poole,0,,,missed,,driving layup,2,-22,12,27.2,6.2,Turner BLOCK (1 BLK): MISS Poole 3' Driving Layup
22200415,2022-23 Regular Season,2022-12-14,JaMychal Green,Jonathan Kuminga,Moses Moody,Jordan Poole,Donte DiVincenzo,Tyrese Haliburton,Bennedict Mathurin,Myles Turner,Andrew Nembhard,Buddy Hield,4,119,123,0:00:55,0:11:05,0:00:03,474,IND,rebound,,,,,,,,,,Bennedict Mathurin,,,,,,rebound defensive,,,,,,Mathurin REBOUND (Off:0 Def:6)
22200415,2022-23 Regular Season,2022-12-14,JaMychal Green,Jonathan Kuminga,Moses Moody,Jordan Poole,Donte DiVincenzo,Tyrese Haliburton,Bennedict Mathurin,Myles Turner,Andrew Nembhard,Buddy Hield,4,119,123,0:00:41,0:11:19,0:00:14,475,IND,shot,,,,Jonathan Kuminga,,,,,,Tyrese Haliburton,0,,,missed,,driving layup,9,48,79,29.8,81.1,MISS Haliburton 9' Driving Layup: Kuminga BLOCK (2 BLK)
22200415,2022-23 Regular Season,2022-12-14,JaMychal Green,Jonathan Kuminga,Moses Moody,Jordan Poole,Donte DiVincenzo,Tyrese Haliburton,Bennedict Mathurin,Myles Turner,Andrew Nembhard,Buddy Hield,4,119,123,0:00:39,0:11:21,0:00:02,476,GSW,rebound,,,,,,,,,,Jonathan Kuminga,,,,,,rebound defensive,,,,,,Kuminga REBOUND (Off:5 Def:3)
22200415,2022-23 Regular Season,2022-12-14,JaMychal Green,Jonathan Kuminga,Moses Moody,Jordan Poole,Donte DiVincenzo,Tyrese Haliburton,Bennedict Mathurin,Myles Turner,Andrew Nembhard,Buddy Hield,4,119,123,0:00:36,0:11:24,0:00:03,477,GSW,shot,,,,,,,,,,Donte DiVincenzo,0,,,missed,,3pt running pull-up jump shot,26,0,263,25.0,31.3,MISS DiVincenzo 26' 3PT Running Pull-Up Jump Shot
22200415,2022-23 Regular Season,2022-12-14,JaMychal Green,Jonathan Kuminga,Moses Moody,Jordan Poole,Donte DiVincenzo,Tyrese Haliburton,Bennedict Mathurin,Myles Turner,Andrew Nembhard,Buddy Hield,4,119,123,0:00:32,0:11:28,0:00:04,478,IND,rebound,,,,,,,,,,Andrew Nembhard,,,,,,rebound defensive,,,,,,Nembhard REBOUND (Off:0 Def:3)
22200415,2022-23 Regular Season,2022-12-14,JaMychal Green,Jonathan Kuminga,Moses Moody,Jordan Poole,Donte DiVincenzo,Tyrese Haliburton,Bennedict Mathurin,Myles Turner,Andrew Nembhard,Buddy Hield,4,119,125,0:00:12,0:11:48,0:00:20,479,IND,shot,,,,,,,,,,Andrew Nembhard,2,,,made,,driving floating bank jump shot,5,0,52,25.0,83.8,Nembhard 5' Driving Floating Bank Jump Shot (8 PTS)
22200415,2022-23 Regular Season,2022-12-14,JaMychal Green,Jonathan Kuminga,Moses Moody,Jordan Poole,Donte DiVincenzo,Tyrese Haliburton,Bennedict Mathurin,Myles Turner,Andrew Nembhard,Buddy Hield,4,119,125,0:00:03,0:11:57,0:00:09,480,GSW,turnover,,,,,,,,,,Jonathan Kuminga,,,,,,step out of bounds,,,,,,Kuminga Step Out of Bounds Turnover (P3.T24)
22200415,2022-23 Regular Season,2022-12-14,JaMychal Green,Jonathan Kuminga,Moses Moody,Jordan Poole,Donte DiVincenzo,Tyrese Haliburton,Bennedict Mathurin,Myles Turner,Andrew Nembhard,Buddy Hield,4,119,125,0:00:00,0:12:00,0:00:03,481,,end of period,,,,,,,,,,,,,,,,end of period,,,,,,
